950 1181
26 94
932 797
922 654
770 764
420 933
592 158
738 322
8 853
532 919
600 186
826 200
664 227
828 100
809 188
891 773
51 407
390 145
842 284
909 928
507 317
676 586
747 490
596 579
143 194
909 771
162 164
943 527
3 328
577 474
826 165
585 459
884 731
208 148
258 35
947 670
384 424
189 634
931 507
191 220
365 885
521 635
125 376
878 126
353 429
370 77
899 779
547 456
769 357
584 280
25 367
510 467
263 843
421 508
922 691
555 499
71 457
652 181
840 851
577 568
106 139
621 141
498 185
371 701
869 390
582 764
664 144
766 648
741 437
57 489
258 767
245 831
864 522
496 564
270 899
227 273
913 273
475 822
852 720
361 378
445 594
846 944
497 319
189 627
223 174
935 909
685 826
722 360
528 609
891 704
425 157
359 593
435 800
723 631
176 92
341 786
125 676
278 2
865 246
710 861
723 605
354 415
945 306
403 14
939 307
134 899
41 351
417 188
510 685
212 307
198 86
562 767
782 692
44 904
69 898
572 919
207 625
34 711
218 152
471 638
11 4
546 92
208 550
359 838
742 842
721 510
513 209
445 117
328 777
894 657
931 489
44 811
641 423
870 369
181 835
668 920
336 230
830 785
381 40
407 81
314 758
128 141
391 423
117 227
45 903
176 670
261 667
428 296
726 736
109 40
26 408
172 545
89 198
17 444
276 312
430 819
827 44
428 487
347 525
207 328
305 683
535 429
361 920
418 814
234 572
787 552
212 407
320 26
530 312
372 376
225 942
103 786
883 448
190 508
450 566
37 282
831 151
1 796
278 28
148 855
348 710
870 718
309 89
670 257
527 887
299 295
30 404
2 939
638 938
950 775
392 319
336 668
530 690
393 695
337 753
795 534
703 161
495 155
770 317
824 584
307 765
764 330
785 1
320 152
550 213
241 113
50 743
478 849
272 224
200 669
270 701
763 446
143 392
933 738
684 662
865 361
152 937
638 427
712 236
244 533
366 164
327 685
843 476
172 812
188 322
426 542
837 474
606 488
795 165
702 612
9 760
500 32
750 407
64 34
237 192
208 613
281 858
214 322
946 716
894 885
164 520
626 463
664 934
731 530
611 353
610 109
528 523
433 309
714 757
90 254
363 52
336 916
757 689
938 566
587 115
369 388
586 232
253 380
425 353
388 115
944 681
685 687
939 789
409 921
73 553
339 761
37 570
739 691
570 145
454 218
130 126
447 533
879 492
831 779
133 116
212 829
910 292
577 347
246 560
589 272
809 857
836 485
500 7
600 643
480 453
497 684
803 5
552 581
856 475
284 307
720 861
701 6
6 115
336 907
183 122
143 866
380 562
279 662
385 324
272 616
377 461
792 236
285 58
41 569
705 724
812 648
391 671
111 845
872 898
464 671
125 339
239 3
707 1
399 910
572 918
761 749
866 525
440 344
201 30
549 597
514 601
527 871
35 401
94 521
689 498
71 301
185 798
873 545
359 538
551 97
550 428
71 493
395 329
89 524
195 744
465 409
207 946
518 498
73 750
283 636
37 604
752 106
922 847
650 875
360 108
281 882
799 819
457 808
509 597
863 49
115 143
307 642
117 801
416 343
199 778
374 715
698 781
581 194
223 263
677 493
472 862
548 871
751 724
766 463
757 259
458 106
340 309
401 157
607 741
358 736
296 543
280 900
516 183
756 426
77 796
807 658
268 715
597 651
778 189
101 66
70 944
116 390
301 493
140 885
184 595
340 213
24 155
883 536
227 905
25 430
834 399
293 513
540 295
248 757
412 729
537 841
826 409
303 515
457 827
518 231
604 80
84 321
459 885
886 464
403 613
800 657
332 765
620 319
720 432
503 326
761 737
111 635
589 457
656 761
410 838
368 300
746 479
132 618
32 378
828 464
335 693
705 113
819 75
551 484
899 18
729 558
528 20
556 285
49 374
380 583
418 868
366 534
221 422
668 190
877 449
723 346
920 240
812 70
801 111
119 99
820 596
309 529
547 475
753 100
774 873
288 442
603 565
53 50
948 607
503 456
82 308
576 721
442 369
2 386
461 126
350 61
829 644
794 110
680 559
485 515
801 898
239 763
691 18
736 800
743 932
677 464
526 636
782 708
627 625
255 784
768 2
263 345
105 189
507 369
75 180
881 524
329 5
111 708
536 73
255 894
175 421
141 404
662 450
118 151
897 217
166 11
514 734
454 905
905 208
650 56
872 531
435 761
764 513
174 64
821 49
354 261
773 194
451 760
244 727
196 236
879 469
877 769
942 868
663 662
74 602
34 421
263 775
421 523
262 862
116 810
151 334
190 170
876 222
53 107
677 595
192 432
754 830
27 867
176 635
511 929
241 114
736 219
833 803
777 238
115 723
174 488
384 61
409 344
128 152
280 517
27 611
113 757
152 707
246 168
369 637
919 812
219 107
292 861
479 540
894 514
49 404
449 796
744 243
538 599
830 244
138 300
195 267
496 28
513 168
592 944
300 222
797 184
896 612
611 386
99 349
778 425
217 891
598 227
768 246
146 574
888 626
618 621
774 806
44 198
741 849
575 366
448 664
620 89
657 481
740 238
627 379
480 664
902 811
825 416
700 532
691 44
114 92
285 273
141 51
934 652
161 126
411 3
834 423
706 6
755 822
599 906
79 361
390 21
558 934
569 474
930 207
440 310
780 477
919 935
703 510
128 840
777 921
58 505
374 313
277 64
664 711
388 232
203 264
369 221
337 775
78 210
253 106
675 350
188 53
715 577
199 477
511 87
551 945
656 921
41 507
35 654
664 171
700 676
649 654
897 300
453 315
545 826
109 890
322 501
652 527
655 522
568 217
355 252
161 105
568 663
823 417
160 252
297 280
396 572
236 41
121 503
537 10
782 252
868 261
925 797
289 858
53 369
386 533
901 363
650 789
446 925
390 422
509 886
758 315
316 571
133 155
459 440
701 921
515 506
320 834
932 523
385 866
327 526
282 737
352 950
670 43
693 440
698 67
888 26
438 334
604 431
116 860
706 131
246 712
651 526
920 278
585 184
931 625
268 887
328 175
539 285
592 721
518 57
626 653
542 890
807 239
420 115
624 374
288 794
455 114
824 202
527 139
366 15
854 949
836 482
834 805
173 383
434 427
421 661
692 557
524 564
373 469
431 151
543 205
519 411
447 697
833 46
435 347
91 518
324 462
682 276
434 150
315 939
634 522
735 542
422 15
104 762
652 325
535 606
549 351
623 631
307 646
274 354
194 319
248 379
366 626
341 733
312 554
557 46
310 222
650 60
605 216
927 89
391 299
753 110
8 388
372 173
33 578
170 350
242 217
67 781
274 27
177 256
538 810
948 353
542 733
808 468
909 823
763 901
669 110
509 530
253 111
656 237
106 265
418 720
383 157
882 99
616 343
512 582
406 460
196 783
96 440
332 313
653 837
653 272
816 284
169 681
473 545
850 408
25 109
702 888
554 520
136 483
635 33
63 288
97 652
42 714
293 491
725 258
585 297
26 521
425 727
468 797
259 218
375 485
689 460
825 629
327 473
925 933
305 725
103 759
366 683
180 378
179 69
236 308
776 162
61 168
166 523
608 398
875 37
326 928
452 48
944 794
164 56
190 281
575 160
191 82
656 90
762 271
666 782
697 350
207 674
238 316
149 694
65 141
212 799
586 198
508 9
762 828
382 125
80 220
786 231
108 317
53 484
89 398
6 24
250 944
920 77
285 747
398 9
121 636
284 216
915 479
35 706
503 896
114 684
734 149
171 104
228 111
316 112
892 646
861 734
496 640
158 511
379 805
661 676
875 848
186 306
848 13
321 308
226 218
152 736
574 481
812 364
380 379
71 877
703 720
755 27
552 276
109 26
61 833
18 262
684 436
80 238
20 57
278 353
476 904
12 73
505 265
872 79
396 488
143 59
879 342
283 923
612 392
241 842
949 348
127 337
277 105
405 164
756 484
314 132
203 279
217 15
261 86
656 302
592 172
578 411
879 109
588 830
855 452
936 295
862 821
483 160
121 165
165 844
421 731
33 334
477 161
872 311
664 856
128 359
340 75
120 416
241 209
723 647
271 81
84 429
130 688
552 440
818 748
632 615
103 179
608 921
429 900
22 623
723 162
57 268
136 510
299 692
333 825
122 843
495 526
50 192
669 538
507 715
49 869
682 286
98 626
369 298
925 383
423 536
630 261
726 494
946 455
882 592
493 887
679 767
418 2
303 516
672 931
843 697
279 921
789 293
698 943
684 98
917 875
746 190
821 123
363 232
935 877
407 49
847 653
512 551
573 779
169 587
491 81
306 152
331 568
275 791
703 405
276 942
8 260
348 629
385 133
600 328
49 454
682 314
752 797
336 322
354 413
95 589
300 209
209 372
713 452
827 453
596 749
633 552
98 750
655 815
816 743
841 295
42 808
550 850
125 50
870 655
577 848
823 221
771 491
476 355
90 176
934 121
900 57
471 591
821 272
712 838
642 613
330 726
169 275
281 73
559 849
252 350
674 464
162 341
808 565
93 843
73 74
241 182
110 277
818 722
908 157
266 288
369 571
197 98
872 847
613 45
639 60
489 362
850 685
279 261
181 192
324 659
778 76
398 548
533 738
627 129
117 739
391 644
293 783
761 462
56 70
400 499
87 222
462 791
179 75
807 706
498 933
281 746
685 385
543 262
166 327
849 108
826 129
85 443
181 406
802 872
491 245
528 61
906 788
554 760
349 492
127 280
133 666
290 614
217 200
365 187
428 118
843 880
786 557
761 395
193 375
279 139
630 401
680 384
9 156
321 641
396 419
821 912
355 375
912 409
908 913
425 56
114 474
922 292
113 139
12 603
898 752
913 881
16 344
736 684
764 578
136 317
97 297
263 362
761 207
28 7
319 117
696 330
942 796
541 444
552 888
321 793
669 328
192 116
631 508
907 351
45 252
358 112
4 282
462 533
318 272
722 466
484 693
39 459
244 165
943 687
471 763
364 478
234 319
735 779
282 725
718 18
106 481
111 919
558 453
740 938
695 668
599 808
773 653
113 255
788 797
7 819
314 389
374 466
143 71
23 321
19 512
74 637
584 944
11 147
456 740
192 18
114 167
391 925
623 96
440 220
600 219
93 19
597 482
24 175
66 106
864 945
442 872
347 49
415 696
895 343
77 232
940 96
420 33
464 602
697 92
464 774
484 103
793 573
646 29
691 484
737 24
459 573
429 806
418 781
394 750
215 98
508 91
404 840
355 512
868 255
436 113
59 579
790 693
607 769
471 468
313 369
80 164
618 551
689 558
801 432
882 251
176 498
110 781
825 135
343 884
520 840
929 147
118 572
654 215
597 941
49 697
