930
198 303
902 657
25 368
26 25
458 248
876 783
820 567
907 141
485 447
566 415
806 778
203 744
67 62
97 248
730 800
193 628
430 101
10 624
678 655
429 112
507 173
326 634
210 741
106 643
25 564
355 893
882 118
486 614
170 101
324 185
373 317
124 251
863 306
918 252
73 134
859 203
166 26
703 531
659 801
289 795
210 693
324 598
239 301
579 829
4 239
680 804
82 360
592 397
574 55
197 773
646 307
737 490
889 212
31 37
376 857
20 32
156 327
182 49
403 755
100 13
346 235
117 87
826 395
76 180
230 57
86 765
329 604
700 388
340 397
170 890
470 585
389 361
437 431
489 897
653 602
16 57
313 442
250 529
927 510
66 46
135 61
76 222
790 135
35 108
915 284
319 333
167 279
692 487
356 475
677 621
102 95
10 6
173 24
487 551
928 480
55 53
354 90
553 457
782 821
14 17
219 492
740 336
262 92
327 856
208 416
246 728
342 350
58 568
22 361
658 842
261 194
828 803
777 785
30 36
188 277
886 225
161 26
845 380
499 555
532 241
720 405
4 141
11 165
114 119
148 839
185 294
177 649
309 4
206 68
524 752
715 271
64 26
305 797
251 525
66 78
60 19
33 88
708 361
812 83
337 440
642 477
15 655
771 749
253 596
20 115
256 131
44 34
327 412
210 246
48 242
665 384
177 111
717 698
214 39
211 238
111 64
592 780
157 721
211 150
836 44
266 75
570 747
54 306
93 74
440 461
264 216
474 225
90 46
132 79
616 280
401 441
4 11
493 192
41 110
660 168
221 188
357 428
226 118
30 511
789 10
830 556
183 342
28 457
100 347
285 84
758 411
716 285
255 497
580 27
140 39
143 735
20 7
426 403
561 84
129 271
749 346
537 71
312 374
814 498
293 736
892 346
68 220
464 587
63 112
235 217
280 286
610 53
435 389
539 573
560 615
301 322
539 55
160 6
57 70
774 881
572 50
710 12
351 584
208 597
315 223
29 72
620 289
336 395
52 18
608 898
495 838
42 460
386 195
312 44
390 621
673 547
185 63
289 30
444 313
522 143
103 162
662 374
302 136
289 757
45 467
104 27
39 97
289 471
42 234
177 349
2 1
158 547
213 577
256 449
520 376
525 702
444 685
101 181
567 164
723 602
122 337
761 751
149 334
276 798
235 363
30 153
123 203
29 17
101 11
273 162
182 848
2 4
121 825
498 126
386 486
159 66
313 27
57 311
167 31
159 415
148 117
86 714
140 345
891 730
593 23
187 810
336 102
784 41
263 168
191 111
576 600
559 240
384 93
406 105
5 225
840 228
49 411
87 335
69 330
101 157
34 22
418 277
420 186
656 793
868 98
2 122
509 515
71 139
2 5
438 355
196 666
412 762
815 74
11 123
80 14
47 5
387 768
25 1
499 461
552 154
770 160
745 22
369 637
138 95
183 487
400 639
6 121
338 174
339 650
24 14
86 89
35 53
557 375
49 46
865 871
358 312
552 910
182 854
875 219
53 127
392 372
769 367
696 168
88 321
387 4
323 364
380 275
51 50
48 41
142 224
524 462
788 535
794 293
775 490
623 47
414 445
207 45
7 307
417 322
92 61
150 370
168 21
605 327
325 156
241 362
430 841
719 462
15 772
681 158
195 90
46 680
922 389
174 212
139 174
35 46
468 375
783 208
477 433
197 503
120 213
35 61
176 267
308 234
626 342
76 52
69 126
122 205
250 257
533 378
543 729
133 390
228 453
914 357
824 37
91 697
26 62
30 23
209 329
554 20
113 46
9 282
570 920
293 731
691 130
48 84
200 84
318 222
269 103
131 244
112 732
199 688
351 299
510 576
187 378
429 526
528 86
197 501
377 21
5 6
125 79
79 258
67 919
688 722
619 30
726 496
261 588
608 777
470 133
776 73
509 116
281 229
188 163
153 275
629 183
858 152
27 563
382 494
339 550
29 218
94 608
36 42
638 899
4 107
128 58
484 280
135 393
13 270
114 401
519 440
549 388
865 211
532 652
737 750
627 199
387 689
276 177
137 543
384 472
49 142
317 280
740 872
101 305
120 91
364 482
658 287
178 766
398 481
1 183
131 48
18 210
27 71
402 77
140 217
396 156
58 1
31 265
585 657
44 578
319 307
404 834
613 117
670 326
682 492
35 4
104 602
408 23
320 153
747 816
822 33
413 236
483 870
240 612
280 31
771 913
55 105
462 297
266 383
887 278
461 791
129 146
394 112
467 546
58 423
625 661
17 260
878 150
266 599
184 26
27 133
885 546
206 326
99 81
179 129
339 601
862 857
50 45
496 280
146 756
168 508
57 106
114 847
221 388
687 149
175 190
921 690
403 185
781 156
456 293
375 126
379 365
163 591
56 41
385 220
288 262
517 262
337 480
210 436
623 843
14 9
676 501
194 183
473 421
176 763
659 622
617 175
683 535
37 540
766 853
287 844
221 355
261 399
36 196
367 359
495 406
172 651
70 851
334 371
79 76
535 37
271 405
96 250
734 239
733 37
420 505
861 510
518 44
436 644
370 686
68 5
209 42
896 279
695 169
559 718
465 813
3 1
92 506
521 305
9 147
391 184
808 586
668 366
684 114
233 175
120 144
40 35
874 66
536 228
726 760
720 869
925 68
290 504
647 240
135 323
632 904
569 559
198 117
565 269
66 339
673 709
773 917
835 335
562 368
56 746
127 818
240 77
382 305
89 328
215 160
335 774
94 37
18 19
274 79
316 187
200 570
253 724
178 82
845 864
304 127
923 85
398 371
575 313
452 226
163 255
8 3
523 393
753 672
112 451
340 1
27 25
850 64
706 455
405 807
674 866
25 77
661 713
199 125
733 743
249 6
290 879
341 40
73 10
101 296
202 291
278 705
52 712
832 900
237 90
688 725
59 846
21 6
71 422
152 111
510 332
241 50
805 138
209 227
466 345
56 541
640 485
331 179
27 344
74 425
483 48
832 669
738 210
312 381
303 538
635 567
143 102
290 188
211 690
164 30
12 87
280 727
54 17
667 880
501 625
98 93
404 370
603 51
59 633
32 202
43 40
232 203
273 906
124 204
742 833
243 799
10 39
759 180
665 855
704 447
698 114
447 380
56 169
251 663
104 343
323 409
488 233
51 136
558 210
22 86
346 860
287 204
114 7
12 10
18 7
912 612
894 92
360 516
400 233
730 322
490 390
103 299
78 786
672 427
351 365
223 203
401 439
636 265
12 145
271 638
303 884
7 85
432 123
450 66
83 76
96 30
376 158
22 9
38 150
583 218
175 52
243 31
207 849
319 556
419 382
287 606
674 560
707 782
809 503
1 247
88 130
236 102
345 611
544 468
226 229
611 618
176 104
62 433
292 84
11 369
424 170
796 81
908 613
27 28
129 17
478 388
37 448
282 410
15 10
459 345
648 350
127 590
195 208
929 491
500 269
36 156
144 675
162 476
427 311
711 218
398 571
159 278
852 547
151 116
320 431
91 11
593 667
216 9
299 542
607 495
300 238
6 41
877 21
489 268
154 153
831 197
742 177
61 764
579 334
581 290
817 823
632 555
421 317
196 901
484 767
10 137
352 35
8 707
66 699
359 290
356 281
664 215
386 671
722 802
275 366
178 189
99 455
251 656
120 332
75 29
465 173
116 443
42 310
353 30
133 253
16 4
38 12
210 513
254 190
149 54
498 837
124 74
162 407
630 295
469 411
479 202
82 10
15 283
9 6
422 751
534 55
177 187
295 198
45 32
193 252
548 645
414 256
116 58
685 924
219 127
622 485
40 545
148 158
103 101
279 446
171 69
187 201
779 555
883 301
2 7
694 480
320 531
601 609
560 803
37 81
33 5
493 930
394 778
59 14
155 144
190 298
170 245
247 297
548 63
228 200
746 787
23 9
115 259
404 594
867 273
118 78
463 38
140 163
434 376
18 31
701 167
199 669
85 95
54 69
113 491
589 118
535 586
52 109
234 514
530 132
48 231
819 471
186 159
905 218
631 221
314 119
293 249
748 713
348 341
739 723
679 593
627 926
237 284
160 372
502 482
827 392
888 732
