1000 9900
440 422
994 981
445 939
498 91
765 354
137 412
933 598
207 913
578 263
974 322
748 731
855 849
223 155
640 37
730 237
344 288
792 187
237 491
916 698
93 458
394 684
948 203
622 119
460 477
616 283
82 551
201 731
147 733
577 144
208 541
174 774
468 39
674 726
217 353
60 249
723 555
652 469
283 410
876 123
235 901
918 368
829 171
429 861
879 805
93 144
296 942
852 99
331 776
513 858
854 391
309 985
975 20
558 36
399 712
291 499
681 575
818 236
932 328
479 687
29 716
379 523
966 603
642 805
349 635
868 733
149 324
617 603
917 264
263 444
437 121
665 286
370 44
817 491
225 232
786 634
807 144
591 521
151 684
545 481
998 517
267 615
425 291
878 462
240 494
114 267
194 258
602 391
786 62
291 740
790 670
331 231
539 410
777 257
706 489
193 218
750 807
955 58
622 813
435 133
863 77
810 347
374 394
302 343
378 953
565 467
325 862
882 633
421 331
63 553
662 518
377 7
757 236
98 443
391 500
66 669
126 277
608 628
921 409
179 398
250 465
359 145
474 973
598 726
838 193
348 85
40 286
774 601
386 310
741 538
323 881
197 872
642 231
129 472
537 459
132 937
349 701
632 782
500 831
599 541
127 637
314 199
820 717
90 942
306 675
751 311
116 894
245 926
67 402
124 321
935 285
305 370
290 286
399 224
238 440
350 662
367 796
82 438
861 551
872 402
850 641
125 986
695 466
932 800
845 449
170 203
423 175
617 354
202 970
623 473
17 564
15 33
553 906
455 222
670 263
798 856
947 702
677 617
548 871
553 539
38 221
43 873
227 20
579 843
63 783
375 436
64 999
807 875
442 941
151 775
613 680
83 949
725 494
682 787
670 545
69 650
360 514
605 840
861 766
553 309
735 197
124 303
687 806
890 158
136 367
583 913
549 769
914 254
952 821
478 193
796 254
853 507
530 813
130 288
499 579
724 392
852 197
302 226
641 852
435 447
545 659
27 857
266 691
709 365
981 392
710 62
347 656
533 735
900 610
154 76
782 586
885 221
444 405
338 112
637 524
68 281
968 263
89 802
439 146
277 243
297 749
559 653
250 727
611 754
558 463
617 881
46 675
842 514
738 723
443 437
103 487
348 462
224 708
869 188
270 561
487 789
203 638
55 753
121 813
413 55
641 220
937 677
258 772
392 366
673 227
103 858
604 989
63 440
548 820
191 71
229 529
90 361
382 250
901 181
80 335
194 475
105 684
658 426
458 324
497 298
255 784
708 720
786 6
329 497
848 979
388 318
282 985
728 265
282 65
622 741
400 356
628 866
369 577
353 324
64 145
706 320
138 535
468 115
378 384
53 807
258 241
848 753
840 673
268 442
987 818
809 33
92 726
862 470
573 129
634 401
852 72
362 188
199 547
862 353
611 931
633 95
391 333
139 316
98 581
743 55
926 621
323 696
175 571
272 505
236 970
37 695
132 865
828 646
810 905
280 916
244 461
375 613
690 739
858 577
140 640
159 356
471 182
776 524
609 273
628 107
851 460
689 473
376 940
506 871
395 338
824 576
533 24
989 550
7 193
910 946
129 851
648 765
167 959
849 44
839 377
543 288
18 429
381 391
57 49
479 782
263 633
33 40
646 186
147 963
928 315
237 89
899 746
705 655
902 995
136 72
912 879
216 364
143 453
184 138
730 157
307 196
680 618
972 242
757 580
316 782
423 554
562 626
838 655
644 92
701 157
180 710
298 400
526 88
602 706
899 166
408 843
332 14
515 854
771 480
643 58
813 758
117 25
529 199
328 256
189 181
387 649
818 159
931 964
783 879
542 750
245 758
597 513
128 820
551 332
382 433
967 849
483 645
54 951
20 771
721 650
902 353
595 145
817 191
211 664
267 218
162 492
733 867
573 730
133 701
903 73
483 568
239 165
855 304
883 59
397 841
795 797
181 210
717 384
595 604
156 400
375 796
452 213
557 488
667 269
143 750
15 460
679 85
368 677
898 796
955 725
794 861
859 369
397 868
130 793
627 717
514 738
763 764
427 493
549 522
644 274
282 639
544 390
691 729
532 431
95 65
317 71
435 132
130 682
667 497
390 888
456 516
808 313
437 847
331 452
468 171
364 134
843 353
151 422
45 735
361 538
642 339
775 525
322 931
306 284
914 607
475 447
58 653
220 773
386 132
262 499
432 458
876 397
442 550
861 127
610 289
672 265
887 783
102 77
34 485
642 618
935 937
353 149
866 518
735 987
484 389
193 976
603 601
54 915
531 446
375 843
906 768
710 558
362 840
595 950
42 586
959 441
103 595
788 403
862 772
593 777
910 618
547 876
416 506
111 181
958 854
172 991
543 760
173 313
275 30
170 200
251 943
353 7
146 337
990 598
717 119
958 176
464 308
561 666
907 626
783 47
199 212
282 544
485 723
81 878
351 190
62 167
467 469
53 544
626 290
312 742
900 47
539 377
200 429
728 302
981 196
986 618
203 332
867 165
886 195
559 219
173 620
156 862
505 100
213 795
227 612
691 907
97 818
98 493
101 794
706 748
231 139
88 171
736 599
878 918
610 112
575 978
10 810
410 64
359 39
144 28
97 28
631 603
677 228
583 468
895 454
980 320
563 856
340 743
913 633
846 39
770 2
609 42
131 874
119 889
923 544
743 99
999 501
875 811
537 422
756 222
684 339
187 237
614 148
984 929
538 824
261 447
577 854
923 233
809 610
721 867
538 683
498 476
704 607
209 23
279 923
727 852
693 461
930 17
180 688
860 338
573 883
850 792
255 601
284 662
287 525
20 136
721 13
495 366
542 13
229 830
160 795
643 982
825 31
241 224
264 809
82 976
48 576
158 389
677 699
806 273
467 659
929 954
415 851
911 126
768 504
790 869
113 63
4 954
298 155
563 429
431 421
969 966
455 483
956 708
60 497
122 182
838 672
565 360
307 24
553 369
913 136
161 995
329 321
607 114
939 700
451 818
748 196
198 396
174 543
376 275
451 707
685 209
629 488
22 142
998 332
692 957
795 394
282 107
340 293
349 646
166 681
244 185
589 827
322 335
149 874
689 877
562 245
267 467
198 314
96 668
50 944
470 553
436 617
20 872
186 80
500 880
104 697
603 641
231 704
107 574
599 705
223 688
57 342
475 931
263 346
968 224
113 671
973 113
940 382
406 328
110 188
301 111
161 466
218 229
276 901
751 289
216 510
750 127
437 694
494 313
596 865
97 702
672 160
503 298
550 129
437 826
593 627
594 505
833 12
743 513
209 874
333 99
692 833
92 917
60 251
32 924
253 646
970 254
516 166
311 298
224 500
918 614
812 29
107 65
839 784
370 821
408 618
425 716
508 683
320 29
308 799
865 238
987 42
795 263
64 267
282 510
984 716
417 605
144 499
476 56
168 505
847 91
885 148
614 370
724 790
289 539
969 233
698 937
202 536
428 74
800 332
73 269
737 246
281 344
746 108
159 347
471 85
418 67
833 864
172 214
135 482
621 769
423 13
286 684
202 845
121 891
566 61
91 95
592 664
96 439
445 604
851 713
377 894
30 494
964 375
403 56
368 521
177 611
820 815
893 463
678 645
155 728
656 855
479 3
890 422
34 582
554 401
517 43
991 228
988 464
834 161
583 798
711 229
514 803
805 352
164 632
19 343
579 911
943 502
835 537
360 695
297 170
64 171
943 781
9 766
91 831
83 358
231 358
378 822
253 682
344 890
74 47
257 581
538 510
204 734
212 177
770 797
438 951
224 271
607 400
690 100
343 526
14 538
400 986
701 868
230 388
785 457
969 52
408 398
220 106
499 421
395 46
749 809
156 882
728 285
791 452
371 159
245 634
854 856
67 374
653 419
396 588
570 259
552 266
127 634
756 106
603 713
493 481
132 713
894 299
272 736
427 532
924 556
211 917
121 515
821 340
34 934
162 211
608 271
241 362
938 400
223 430
793 435
646 329
579 414
512 990
844 24
539 828
171 144
134 292
564 409
790 36
95 881
223 332
168 791
1000 391
449 391
195 679
809 679
744 908
195 564
52 971
184 323
338 776
726 927
952 840
688 834
784 513
606 304
808 391
57 661
633 758
300 739
725 206
999 931
32 853
415 690
183 694
555 842
862 602
653 946
786 341
127 117
417 244
59 923
470 371
593 818
526 307
505 325
69 204
808 52
516 269
791 149
885 42
939 910
652 253
211 23
304 339
782 584
998 10
330 395
738 284
813 334
651 447
984 644
642 86
846 302
903 349
300 182
555 680
96 51
3 513
261 557
300 69
291 282
595 840
334 156
562 622
432 164
604 10
732 95
220 259
764 534
45 424
633 629
600 865
471 498
73 551
223 637
150 685
82 687
980 884
929 238
203 961
574 720
993 743
333 382
850 680
160 796
731 87
398 266
399 119
480 781
251 74
161 422
332 393
27 477
218 288
950 529
576 690
648 799
795 976
208 790
464 672
603 735
688 671
247 860
583 998
657 211
227 272
943 430
356 756
862 186
459 709
903 876
316 74
173 591
412 725
111 581
89 320
696 472
995 868
31 966
916 788
610 21
115 625
890 333
856 141
106 788
303 658
344 929
644 702
406 153
306 293
804 36
789 456
810 853
775 262
262 440
127 732
634 736
96 61
774 438
867 890
634 595
193 927
31 427
642 590
271 600
383 900
422 540
850 987
137 668
424 847
327 913
128 73
239 69
304 538
29 775
410 827
86 728
988 764
260 219
722 304
225 776
617 30
985 610
4 528
18 427
630 820
132 423
425 443
155 590
993 709
383 497
376 763
711 589
582 863
380 195
533 361
152 652
831 116
228 415
1000 432
663 4
551 117
521 162
8 459
544 269
553 593
627 608
166 44
792 459
778 674
174 555
284 191
530 323
952 145
133 334
528 928
784 570
400 307
271 464
259 504
558 764
170 709
133 479
64 415
856 476
816 820
311 436
870 863
679 725
349 146
867 333
232 896
488 34
736 528
718 736
165 800
187 420
999 201
969 398
454 326
681 258
27 688
690 464
177 227
362 33
550 556
384 387
519 695
991 906
922 143
119 947
304 234
569 850
895 366
399 725
495 892
244 444
335 999
763 1000
710 689
864 1
927 176
987 333
534 370
722 242
334 212
228 895
634 998
466 948
431 826
440 242
106 351
785 808
842 683
368 874
440 359
612 709
149 321
116 916
65 654
48 562
105 157
362 628
589 243
147 352
510 644
612 340
812 406
873 128
600 968
534 975
424 970
209 376
583 618
334 393
493 64
241 841
362 555
522 926
834 924
123 79
476 16
507 236
129 712
921 133
959 820
359 1000
450 772
825 304
184 168
649 98
479 403
248 859
327 223
679 266
978 853
446 699
635 423
782 928
672 56
863 223
888 521
257 164
605 436
515 948
454 384
153 923
117 74
438 92
545 765
819 458
503 845
280 530
120 849
575 287
628 745
809 433
996 885
462 169
822 729
20 502
168 470
940 876
84 714
15 840
995 62
552 380
954 304
477 485
444 722
733 212
385 228
349 555
410 542
279 768
267 248
931 337
738 701
372 483
33 283
731 172
586 983
720 443
208 239
266 387
217 599
515 465
368 997
650 109
67 181
195 392
90 126
53 106
253 41
794 780
604 619
532 248
899 663
901 461
217 994
702 187
117 633
703 198
523 548
946 633
855 907
949 322
437 542
498 742
791 307
754 962
374 203
411 127
910 87
714 636
751 571
98 137
43 520
32 231
491 442
916 851
97 967
700 328
943 122
818 866
905 599
778 815
283 327
435 384
849 974
576 130
815 713
899 414
752 226
426 952
776 595
425 523
121 148
598 646
505 309
197 23
344 629
475 413
135 865
624 412
418 823
400 854
975 457
119 891
780 233
713 218
755 883
665 159
594 207
520 694
685 36
166 632
842 513
263 227
750 549
876 800
864 184
183 392
848 364
441 74
981 576
733 587
510 732
773 308
918 679
299 437
108 963
968 932
74 895
113 979
220 977
171 255
392 224
17 533
234 789
476 942
275 173
539 648
433 143
389 221
797 240
220 526
658 278
952 7
274 15
600 5
77 602
960 254
563 431
670 497
998 802
913 364
696 12
626 501
865 683
652 719
967 917
564 3
360 609
986 989
661 835
527 814
631 874
691 49
766 983
861 993
623 774
921 373
856 31
261 149
805 234
790 278
689 897
335 15
943 892
70 248
678 507
245 366
874 286
165 621
59 230
81 353
297 701
743 48
139 142
111 698
2 922
840 352
825 524
202 629
901 943
115 172
102 922
491 657
935 704
737 345
750 705
133 405
59 674
388 532
561 228
692 662
980 794
747 753
217 542
16 159
343 234
95 517
284 756
769 352
938 361
21 723
631 484
189 561
405 628
604 379
547 695
54 389
556 831
345 810
856 609
472 874
989 999
133 171
643 722
166 878
584 622
515 556
847 963
593 736
668 214
943 476
526 172
469 357
312 672
666 563
784 586
762 570
957 791
503 369
607 80
923 49
320 106
503 763
17 206
809 186
403 809
524 667
265 776
509 491
679 677
131 979
280 567
37 485
899 470
993 23
704 174
922 29
721 472
283 557
948 809
953 641
712 760
840 269
783 921
353 658
950 846
303 78
703 523
7 26
756 391
315 715
798 164
802 187
452 352
570 79
858 598
853 725
390 123
205 233
673 369
82 628
47 762
195 431
640 32
604 785
935 91
630 785
44 64
668 630
760 527
31 383
488 306
109 478
521 332
8 281
981 858
13 536
432 681
365 5
578 406
890 420
263 892
322 216
56 500
549 664
151 220
75 1
147 652
960 713
340 155
696 179
75 158
94 142
62 488
523 886
13 220
786 476
680 871
457 466
279 121
317 806
818 973
32 954
783 569
416 601
853 397
79 796
45 732
942 410
467 118
451 669
461 196
45 877
58 170
579 715
542 702
468 507
460 732
58 379
365 909
847 57
710 771
569 877
605 119
615 450
384 287
362 539
331 914
567 63
315 358
64 50
82 423
409 749
749 738
29 861
485 139
15 670
67 39
285 100
971 589
988 677
916 58
241 360
431 575
33 100
640 12
842 942
510 816
702 350
833 541
872 37
85 440
912 908
656 806
414 570
623 184
240 447
648 918
80 200
427 445
691 536
85 297
303 358
490 827
677 379
316 979
208 812
122 814
375 432
527 55
35 941
357 39
683 797
545 860
17 475
456 837
130 538
294 777
832 480
464 996
359 749
799 693
344 169
71 334
173 506
395 896
197 500
1 521
938 534
80 818
10 809
227 549
175 461
112 355
73 226
376 472
763 708
231 106
947 397
783 819
552 59
149 787
19 926
25 477
962 902
448 980
927 452
822 698
690 360
432 120
106 99
415 129
309 654
880 582
612 809
379 582
340 960
292 547
613 449
928 855
290 92
8 917
9 444
689 258
798 252
727 206
950 427
474 400
76 508
574 583
929 236
603 501
967 840
896 19
759 718
155 612
230 92
466 671
68 767
492 419
226 531
468 596
532 157
288 903
425 383
415 860
612 210
705 848
105 656
951 815
554 87
493 809
714 290
706 442
143 460
948 355
832 460
942 641
917 845
5 575
706 348
452 428
657 128
514 523
696 474
334 51
90 626
286 647
268 438
624 76
421 656
540 330
199 543
825 693
408 384
686 233
605 790
112 542
496 957
885 189
758 933
836 983
913 602
589 649
178 938
811 659
828 275
386 506
685 246
390 274
48 197
266 772
799 114
927 73
271 565
776 829
814 853
564 872
237 333
805 702
498 364
685 920
906 967
525 559
713 471
73 624
936 690
168 860
759 908
320 995
693 302
513 88
396 884
185 255
96 430
149 412
133 871
980 906
838 751
103 741
761 969
900 614
742 900
102 551
163 673
5 206
303 425
215 653
77 748
812 609
969 790
161 305
77 637
640 641
643 610
165 234
647 966
248 688
84 286
710 446
336 295
761 502
984 147
431 351
94 34
23 482
784 730
734 82
410 20
504 871
451 672
36 974
991 726
689 940
46 35
340 324
399 817
32 237
594 995
139 348
914 646
41 626
832 771
137 883
689 142
343 325
295 550
461 826
888 26
580 304
441 173
92 250
722 97
963 83
459 592
245 532
417 301
3 744
498 400
500 710
676 482
253 410
972 616
155 780
834 585
671 334
86 762
256 139
519 138
220 600
176 498
413 507
324 714
609 908
757 249
198 642
844 144
627 288
169 920
591 645
14 280
902 816
561 626
69 895
693 85
538 296
511 558
204 134
596 640
995 849
796 322
178 553
655 9
15 238
878 322
536 959
38 979
479 413
154 49
754 736
543 836
677 338
697 364
415 495
536 558
54 549
631 496
660 960
433 590
11 498
934 210
576 922
607 347
904 897
27 82
834 350
602 674
105 906
325 857
273 182
80 696
669 560
430 508
895 200
217 497
827 632
711 568
519 870
866 990
614 672
391 499
652 202
292 116
861 635
329 842
745 672
926 911
435 623
657 362
735 438
603 959
510 155
383 747
685 173
961 653
209 19
286 264
456 83
276 294
281 136
870 122
29 570
432 44
875 720
842 491
43 386
595 177
523 427
836 205
124 751
310 188
901 631
498 436
150 533
569 281
34 50
110 281
648 956
519 89
890 773
64 837
484 118
910 622
806 527
111 631
918 665
227 209
48 713
927 581
706 772
424 936
850 594
622 150
881 296
387 513
609 793
886 539
498 888
930 461
204 170
646 273
764 466
527 54
472 210
859 462
554 112
739 180
812 952
134 724
191 525
657 889
773 341
661 813
5 329
722 973
435 228
398 792
936 351
60 207
93 305
274 749
922 769
18 502
415 332
736 619
532 796
763 598
691 245
773 914
885 271
453 187
805 982
463 374
457 947
897 784
508 496
41 586
462 58
708 310
84 585
948 913
850 99
633 273
339 410
363 765
718 154
280 44
832 617
742 44
944 115
599 685
836 33
694 131
533 15
534 312
599 770
949 950
950 424
552 519
864 809
427 307
975 527
467 968
817 421
195 473
677 837
987 85
388 327
59 614
312 655
360 167
824 374
652 510
368 658
705 565
225 963
688 293
963 877
328 965
930 382
109 421
695 674
204 127
872 701
673 448
14 200
193 156
425 143
691 397
309 349
472 174
400 443
5 767
899 915
631 70
340 847
672 247
800 60
978 795
482 202
105 945
514 665
435 192
215 62
717 746
645 349
259 46
559 251
725 936
648 350
245 121
728 44
212 133
378 877
931 753
843 301
724 24
671 755
818 101
925 799
505 358
568 516
92 322
866 889
61 473
615 918
67 900
139 307
89 912
183 42
917 921
59 248
921 197
480 19
742 287
927 443
452 985
490 729
737 125
573 495
315 451
813 448
906 738
135 212
525 332
380 683
360 453
812 248
171 640
603 645
60 993
769 43
85 631
334 255
45 376
29 659
603 306
586 556
272 668
280 183
285 442
471 403
555 452
371 743
464 67
561 875
158 203
493 200
332 202
958 786
581 521
91 789
459 201
364 559
388 219
194 852
564 348
947 588
159 820
94 487
846 534
482 285
925 413
436 382
735 378
186 869
874 425
565 295
948 209
703 942
934 36
94 257
771 102
209 733
636 860
30 989
663 76
271 477
165 122
866 217
114 594
260 834
253 441
820 314
144 811
813 975
230 547
951 577
956 953
672 352
308 884
573 160
386 10
79 939
724 60
687 168
322 856
735 732
519 547
900 551
406 184
727 732
840 416
213 674
969 28
880 929
844 836
993 134
922 138
447 661
340 539
399 726
989 242
595 39
28 671
780 179
193 975
893 790
175 843
452 76
839 901
756 18
902 346
405 210
707 974
910 881
396 571
827 505
846 7
314 156
750 739
876 874
115 424
833 789
815 941
561 774
928 527
160 633
507 274
342 166
38 638
845 70
495 317
833 646
560 506
997 155
986 428
510 794
673 174
927 753
930 479
556 797
958 153
852 644
320 541
321 244
51 415
471 573
632 698
51 268
365 148
331 800
782 133
181 514
406 681
887 117
450 549
568 384
188 465
27 85
725 54
853 481
239 774
221 279
683 622
123 637
580 849
999 153
908 333
235 244
697 815
758 519
6 719
316 339
500 240
603 769
931 790
110 883
566 527
535 136
594 964
187 486
336 988
64 363
466 83
854 188
253 889
126 249
935 983
112 551
554 642
465 265
513 475
568 794
328 31
918 850
407 12
109 139
893 826
237 694
474 664
404 67
281 312
427 789
972 271
231 516
141 796
789 80
848 773
812 87
209 46
529 619
967 757
806 701
775 242
543 342
17 780
122 246
891 404
621 515
967 539
939 565
328 554
864 620
683 480
481 840
177 827
472 949
167 160
173 931
195 683
969 860
472 804
327 414
826 523
630 541
30 774
797 154
255 712
242 809
735 178
829 297
725 488
448 332
545 850
56 257
737 566
41 467
620 257
813 902
465 792
982 747
677 87
684 885
610 217
248 455
744 588
88 176
291 885
588 709
829 237
26 234
931 677
250 191
291 194
572 177
240 682
741 838
466 420
837 179
16 91
572 32
153 150
994 21
67 568
802 573
126 21
711 803
521 213
644 917
876 637
927 273
843 46
116 186
429 302
853 795
31 435
767 997
883 216
298 824
585 358
127 572
966 933
682 712
557 248
841 145
910 984
747 534
306 976
237 956
315 902
369 332
976 820
115 352
461 180
707 164
967 623
12 642
971 619
526 716
682 893
792 213
388 224
650 159
688 294
7 526
17 522
42 332
942 826
377 532
587 697
919 606
136 119
448 313
986 809
75 122
312 792
901 360
226 994
501 300
304 856
502 31
639 586
765 923
311 575
94 181
406 52
683 904
667 271
709 920
925 587
106 751
892 514
843 206
771 381
368 174
338 522
635 352
557 465
199 552
511 37
187 723
114 785
691 163
286 645
307 903
909 843
126 452
581 309
994 176
465 550
553 215
2 119
918 73
795 318
945 365
230 497
864 556
31 224
718 426
809 398
666 1
861 418
55 111
561 430
620 975
698 769
515 333
884 116
78 39
261 525
724 989
824 727
128 222
534 362
883 180
578 858
98 784
671 199
320 878
418 171
486 434
940 228
67 80
897 319
627 40
989 593
976 784
797 286
565 866
192 864
129 966
280 342
209 272
851 673
907 914
752 646
74 926
275 93
955 719
392 159
375 84
378 488
933 544
56 108
661 529
351 479
523 528
489 834
91 562
613 859
482 463
374 135
565 294
259 739
386 711
842 376
303 126
434 251
710 122
769 850
735 27
882 765
80 591
106 707
394 905
421 149
911 748
607 93
735 936
437 885
991 306
41 197
621 411
117 114
211 245
724 900
823 394
331 572
260 752
918 662
534 202
888 318
26 85
500 12
157 765
21 11
831 349
789 488
2 970
130 183
629 233
131 754
888 429
358 49
681 544
612 796
115 796
334 62
362 975
570 360
868 629
831 579
561 91
175 827
508 356
111 953
93 734
104 809
548 438
661 113
470 155
939 460
721 63
621 542
35 764
143 144
77 292
501 672
32 275
128 164
916 263
829 546
332 126
322 164
142 971
843 842
825 203
130 787
76 123
539 629
936 517
85 131
369 848
978 138
887 50
820 505
735 238
204 870
98 225
703 396
783 366
299 954
691 332
530 50
878 674
93 442
496 428
860 960
652 609
356 648
620 429
322 616
217 326
296 154
972 498
923 30
482 866
304 590
965 887
425 642
546 990
71 389
273 470
40 487
370 850
315 191
44 535
62 856
733 413
37 390
569 769
753 395
64 667
942 234
283 955
833 757
828 725
228 569
689 57
987 316
680 452
58 88
907 95
582 479
43 250
141 795
146 903
280 65
941 372
444 972
986 285
177 719
859 919
319 49
589 147
937 690
433 368
356 10
933 646
316 648
29 237
378 433
813 690
200 613
99 377
730 61
490 806
899 552
238 780
43 878
873 869
397 299
420 924
592 197
740 325
743 870
409 255
325 537
466 504
701 366
630 316
317 101
307 435
476 522
113 448
425 575
390 571
908 927
311 133
486 759
303 935
549 923
494 822
705 181
814 273
523 996
359 460
360 250
908 253
270 267
166 647
763 729
582 127
621 656
956 320
466 52
629 64
718 510
811 680
23 1000
172 486
68 151
345 814
840 496
372 301
85 948
528 229
380 752
881 829
261 441
564 774
836 35
50 744
702 652
775 64
584 43
19 957
52 449
111 102
579 464
318 260
156 423
247 835
158 237
916 473
539 878
591 601
774 11
423 251
320 696
980 992
203 853
241 154
824 189
815 698
123 154
177 806
454 614
91 952
184 6
807 38
756 958
498 922
501 521
691 633
72 486
548 898
843 786
658 668
655 67
986 822
145 254
592 161
591 925
977 601
30 999
880 364
17 753
999 621
839 4
625 184
383 152
386 770
392 868
306 109
144 848
883 861
780 143
529 67
272 52
37 380
406 35
27 826
212 246
106 785
714 80
71 589
476 163
757 94
144 412
895 480
128 514
880 903
936 889
40 334
689 871
361 536
282 929
335 782
564 964
528 178
712 815
676 970
219 865
970 747
276 472
225 432
430 574
50 158
764 515
637 267
968 8
295 285
354 955
7 169
945 808
643 417
570 439
552 598
902 414
261 302
118 226
798 223
786 767
215 59
567 262
355 684
105 309
53 61
128 364
616 349
213 327
648 962
831 115
177 834
420 758
275 205
298 214
618 927
288 64
626 386
424 640
562 922
874 920
416 996
734 676
237 372
682 706
147 884
352 994
814 384
596 589
838 646
986 957
697 710
773 889
905 433
667 468
202 255
537 826
772 167
810 510
39 992
264 631
795 78
796 829
468 158
114 947
83 449
32 513
953 939
700 432
387 353
111 54
11 701
729 480
823 314
310 363
221 68
207 17
730 691
684 755
281 581
548 66
572 856
295 547
650 574
78 335
999 315
832 132
931 43
163 181
625 962
405 998
480 287
119 684
779 495
368 784
827 507
538 890
12 613
768 971
661 112
572 557
224 643
152 416
923 957
284 677
160 635
200 912
803 707
717 441
902 21
579 424
929 169
949 38
143 147
792 159
80 81
498 192
356 230
782 510
584 321
638 532
108 519
234 710
415 278
38 862
352 377
423 784
946 767
564 306
160 200
402 13
764 457
322 212
70 606
345 109
109 252
492 132
574 94
960 606
264 197
384 617
393 423
787 243
716 187
75 5
777 25
169 200
833 113
373 808
869 915
395 698
123 273
630 876
352 637
646 1
64 161
530 66
948 469
951 566
4 301
596 327
445 365
876 289
752 77
296 995
139 415
626 162
165 719
205 914
579 5
526 752
527 689
994 606
754 921
349 403
831 819
908 56
748 756
8 383
844 874
706 839
732 203
845 548
205 325
709 181
333 29
758 642
694 186
555 608
992 326
722 211
242 273
337 119
210 511
708 2
983 152
587 851
863 934
510 602
884 323
337 405
940 173
523 159
928 557
525 965
479 830
33 120
215 848
654 590
203 288
212 970
68 534
397 584
364 765
200 614
494 264
631 345
868 61
579 162
104 194
655 249
70 555
790 848
521 242
481 552
942 911
821 786
83 163
113 229
223 104
591 795
283 143
319 581
725 688
14 13
143 683
915 322
700 564
368 53
442 804
759 219
653 714
781 277
430 317
235 807
843 36
630 172
998 811
85 986
236 395
59 386
316 19
192 97
688 934
874 517
587 168
71 475
518 798
44 613
242 470
340 264
199 567
397 185
944 554
413 681
71 761
614 429
10 567
41 734
139 153
84 575
715 554
665 241
439 234
101 455
29 618
871 167
432 124
196 493
328 61
805 565
721 698
729 875
608 661
715 776
888 124
831 410
7 68
46 538
802 140
654 981
508 173
694 49
828 847
856 876
319 84
447 99
12 700
277 885
60 836
598 98
708 772
430 296
569 442
630 861
939 88
703 3
959 149
726 352
104 175
68 522
786 973
74 971
369 61
702 201
246 709
108 734
496 184
216 263
915 497
311 648
937 361
85 43
804 543
397 479
705 48
682 447
762 897
9 687
486 513
251 396
87 866
772 204
95 279
362 386
416 534
353 239
488 254
518 875
960 467
641 808
969 267
774 876
743 329
567 959
568 519
71 588
628 703
934 586
97 49
443 45
316 277
192 363
102 290
658 520
606 850
905 929
871 122
140 858
658 667
326 565
366 518
538 69
791 405
685 242
615 113
983 909
239 365
542 916
944 387
99 555
181 292
210 308
802 144
750 714
66 288
367 126
774 202
950 395
254 516
225 799
276 174
171 48
929 140
172 770
289 45
997 245
216 598
267 626
635 853
212 514
693 125
342 133
290 544
935 144
648 850
276 627
557 670
501 492
69 808
493 888
124 32
808 551
792 576
706 410
672 22
967 33
740 749
687 998
101 687
207 162
782 974
86 491
7 976
203 269
49 615
178 69
205 796
478 272
689 949
746 512
801 833
235 13
571 599
665 589
779 546
801 818
879 925
127 920
838 161
852 475
585 224
197 39
987 564
309 544
257 141
40 299
6 512
136 798
926 689
649 411
215 410
20 676
607 672
721 625
3 462
900 832
427 746
689 19
141 612
219 844
519 339
375 577
301 862
857 472
916 205
250 566
742 235
527 704
162 87
181 169
898 579
514 161
379 352
550 547
487 853
698 500
129 951
224 627
227 173
371 708
462 557
856 804
176 502
30 465
240 576
622 271
901 322
912 933
968 993
971 386
243 717
276 928
227 146
319 834
379 63
108 663
627 725
590 459
466 254
53 419
56 505
916 615
523 655
563 490
51 190
714 578
640 737
990 815
222 437
994 306
411 6
677 303
843 59
700 640
830 775
62 493
389 579
304 753
1000 622
361 992
409 899
35 611
771 439
701 42
95 367
316 8
136 766
190 561
163 201
675 595
179 768
37 162
24 895
387 463
136 589
856 220
362 365
257 975
171 769
226 492
121 130
194 266
396 406
379 656
519 512
985 45
615 987
571 337
64 669
159 6
16 784
119 759
780 850
818 413
570 266
550 812
681 915
3 699
315 381
149 767
822 108
592 605
129 90
209 35
211 557
877 628
253 442
471 487
760 850
501 864
542 142
484 114
228 127
432 620
696 681
588 463
988 593
293 549
632 380
740 146
265 92
543 625
527 284
802 301
752 704
6 229
96 840
192 929
13 567
778 1000
990 745
299 762
341 11
986 848
808 592
772 459
242 448
351 166
297 126
224 823
597 171
378 115
431 239
972 385
778 838
227 322
819 14
987 944
288 454
732 442
260 916
874 514
212 109
188 405
676 284
325 202
142 400
364 352
503 561
353 17
731 314
925 823
947 355
676 355
349 69
828 901
979 178
525 66
837 176
395 869
508 746
699 307
387 713
7 272
724 230
980 328
358 108
804 158
580 485
177 446
729 761
289 708
749 774
435 834
383 536
500 868
447 319
675 24
586 933
571 91
310 237
756 85
465 20
712 19
842 666
947 234
299 141
137 762
873 32
67 121
24 164
673 777
108 938
971 620
885 837
836 338
246 683
337 653
416 252
631 682
514 960
553 638
706 4
728 500
47 780
431 429
344 509
571 910
826 669
26 521
88 346
282 959
265 683
69 597
86 349
490 570
398 841
860 908
170 744
178 207
394 912
148 907
130 362
188 404
814 340
597 48
264 508
856 118
931 612
491 45
469 654
404 748
386 249
769 664
89 762
861 876
398 538
776 486
706 635
122 370
548 762
701 677
748 532
211 425
174 287
103 207
875 894
54 817
344 627
573 491
380 679
931 49
552 314
236 963
112 753
172 91
814 862
669 90
837 327
686 404
889 520
873 115
361 167
147 476
756 472
775 166
9 451
376 548
765 22
968 232
101 781
769 457
411 576
697 159
471 284
447 25
639 983
507 104
513 893
686 848
981 832
655 131
311 969
661 542
795 516
997 470
490 892
198 581
803 869
454 979
365 172
249 499
32 71
517 31
915 268
496 52
957 153
192 700
83 628
464 530
875 496
783 269
17 422
784 576
70 941
813 971
944 774
961 511
361 916
120 717
47 356
196 610
568 693
897 513
639 663
476 274
116 313
207 98
889 127
680 62
205 637
249 777
231 937
468 493
309 559
609 249
330 458
149 918
421 913
614 362
301 187
763 880
490 244
845 574
207 897
357 868
85 16
487 737
56 753
185 979
555 739
657 814
101 367
383 986
582 502
932 705
989 400
223 668
884 250
180 209
886 841
813 167
974 495
152 418
31 403
564 623
160 637
267 947
52 443
64 938
471 435
294 456
258 624
880 413
377 774
998 416
342 452
823 527
403 64
446 102
734 981
591 640
408 984
748 561
584 722
451 951
180 5
94 455
739 782
904 217
635 225
122 788
764 459
469 33
752 387
513 635
492 134
274 81
402 154
701 470
227 115
504 716
764 314
431 101
783 240
395 754
588 104
825 426
517 420
792 605
189 19
264 342
227 301
368 187
434 154
368 154
943 99
723 608
64 163
925 560
478 176
303 908
514 605
472 392
880 5
459 642
299 149
524 458
862 4
343 41
350 312
351 513
91 48
287 297
288 665
715 290
59 326
692 782
19 569
541 866
266 532
75 720
295 739
116 396
313 852
457 367
139 383
12 199
35 190
30 104
617 754
923 607
358 464
968 356
35 15
440 957
131 118
576 377
832 659
872 960
945 916
291 358
857 791
614 112
814 662
391 963
506 821
271 665
698 183
256 78
187 741
142 622
987 223
366 136
303 796
450 191
893 137
217 600
714 213
4 538
646 89
946 959
817 525
180 507
553 871
20 364
42 484
730 905
252 469
302 701
674 848
513 726
317 384
530 371
318 493
821 784
824 44
473 130
521 76
489 910
726 919
52 834
364 44
347 774
294 771
995 914
423 741
942 623
800 132
895 949
236 118
410 191
558 575
327 353
472 356
273 426
675 745
633 879
221 20
507 698
166 555
114 888
871 370
417 819
398 686
495 622
2 69
540 403
951 427
510 41
240 573
918 16
427 535
308 859
336 775
141 457
969 216
474 550
711 71
664 522
367 273
701 753
23 997
617 750
690 354
168 330
475 176
757 266
150 238
16 908
333 646
880 715
275 833
286 405
944 191
794 695
79 419
724 564
505 890
954 49
665 386
871 48
52 69
871 532
72 258
633 61
476 905
719 608
8 618
998 213
545 325
319 86
55 632
775 355
411 532
677 721
591 715
80 27
967 904
34 676
19 72
536 222
845 364
42 107
133 176
373 603
670 361
543 985
70 533
551 478
94 415
683 238
321 33
85 184
624 646
143 280
535 554
895 352
249 327
844 266
403 564
83 712
299 903
711 58
839 1
183 637
511 80
312 634
277 744
848 604
903 868
852 892
258 74
123 584
930 942
383 106
159 1000
743 506
672 345
361 584
867 422
601 342
144 113
879 891
443 47
235 707
72 787
352 960
533 618
129 380
379 794
965 255
659 956
179 646
457 808
673 744
772 396
818 467
547 147
585 36
167 752
771 987
439 889
722 119
816 240
478 101
563 605
430 612
968 11
970 633
607 876
263 316
124 300
215 71
931 366
589 374
763 233
719 866
371 893
874 240
51 891
302 936
618 361
344 73
591 146
897 428
955 594
498 219
744 159
583 638
464 330
364 688
845 447
518 495
612 414
336 145
265 411
303 439
530 409
747 933
234 880
735 464
976 449
393 319
32 489
215 632
492 163
130 954
38 19
847 859
351 104
291 547
730 355
714 997
972 228
496 53
387 166
246 449
728 320
952 978
804 573
587 391
165 101
22 982
529 45
247 937
917 875
641 889
112 195
922 834
874 603
212 166
965 800
879 814
68 644
666 335
995 537
853 667
490 939
196 754
435 622
184 814
940 753
316 315
634 298
728 811
323 753
692 654
732 883
418 775
516 604
809 494
222 565
408 273
135 166
36 856
182 201
348 251
684 381
6 913
50 589
968 472
189 938
561 95
836 215
239 240
422 560
43 301
211 531
147 507
220 707
498 29
466 575
124 423
499 517
111 155
593 232
112 280
411 559
428 391
980 948
125 971
494 128
846 853
498 255
925 90
472 990
147 70
534 950
596 799
544 690
7 594
798 875
404 587
753 204
773 23
943 855
29 295
952 198
757 701
619 692
494 246
933 802
274 481
705 899
946 431
532 544
645 271
944 852
584 879
57 753
369 519
80 702
763 533
287 411
1 550
350 313
390 912
663 115
933 358
477 156
5 787
760 297
779 721
136 941
709 400
587 524
487 294
861 117
720 887
202 722
850 230
201 282
440 958
262 267
966 547
152 225
278 609
119 653
979 724
530 906
493 472
208 328
816 23
655 518
751 169
38 524
868 843
559 822
671 296
751 30
449 380
347 349
350 556
320 719
651 645
393 149
359 806
655 853
214 47
233 313
903 268
539 676
523 463
800 840
734 577
735 296
460 314
227 1
725 258
137 233
800 935
860 827
203 24
47 219
105 846
421 240
957 192
482 32
781 274
982 381
550 81
832 278
890 20
709 560
639 435
933 56
370 912
804 299
18 736
516 359
349 210
421 741
593 860
66 756
455 970
701 814
170 822
442 29
448 956
624 261
924 11
314 797
150 143
709 116
340 745
967 128
41 588
79 140
84 586
491 540
898 372
774 451
496 886
831 566
903 229
16 909
400 620
284 933
769 874
682 693
242 892
850 895
747 525
416 417
860 292
39 193
756 373
774 124
526 129
980 893
142 762
988 640
882 191
214 216
471 747
698 285
664 485
973 165
351 337
759 372
155 746
103 988
949 396
290 539
75 275
368 743
603 731
83 892
912 894
251 50
14 210
677 562
613 864
835 442
703 641
216 266
14 125
70 611
688 648
801 495
972 336
353 480
482 196
655 365
677 229
700 330
373 926
834 384
527 935
911 516
409 622
933 476
383 21
774 976
79 812
210 717
763 411
109 954
257 900
634 420
670 964
31 862
552 143
142 482
365 855
266 557
512 781
868 855
328 382
883 492
866 738
652 105
323 677
424 766
923 518
637 662
858 677
348 135
210 748
342 362
561 260
77 208
849 383
48 474
343 13
846 92
599 828
176 382
324 334
271 833
980 775
682 568
866 966
320 873
518 839
637 218
500 785
39 122
96 532
189 585
426 141
246 538
555 216
976 51
759 344
908 807
421 232
403 373
928 20
696 48
36 561
381 960
459 954
316 769
48 718
249 354
305 528
105 774
400 300
777 354
890 221
545 910
456 259
657 212
821 617
882 585
923 9
454 413
607 233
386 917
259 129
758 79
454 569
835 978
966 120
235 14
606 19
862 336
540 421
927 359
340 323
378 762
456 320
151 373
390 727
157 760
802 527
965 65
892 999
328 154
934 708
774 617
81 347
289 529
988 149
241 824
457 971
519 319
6 918
561 461
528 146
233 172
436 599
220 446
231 899
725 765
994 536
702 761
498 395
823 351
10 191
284 562
340 886
215 106
488 574
21 285
82 733
564 617
266 404
72 347
811 176
224 630
134 167
450 200
494 129
674 870
461 456
66 408
85 428
413 357
930 305
53 142
825 93
259 657
938 196
385 716
589 739
726 175
854 464
929 911
90 389
695 736
240 282
904 219
347 626
228 267
677 458
132 812
610 575
186 771
5 461
985 1
364 970
436 463
386 676
668 50
852 983
320 160
504 573
529 348
526 949
572 470
735 122
335 360
799 729
534 452
840 774
987 937
622 680
773 746
615 609
246 204
508 995
671 544
955 262
946 97
418 582
148 675
520 982
171 770
978 654
192 295
139 480
785 310
509 376
442 307
770 757
983 592
968 279
685 33
549 294
310 506
125 782
168 479
704 305
634 702
157 589
374 216
137 993
979 870
263 97
448 750
430 562
346 425
400 513
989 321
77 263
632 66
34 218
876 821
157 17
664 893
771 675
637 416
17 885
596 620
542 141
7 111
907 304
488 120
967 640
842 839
755 218
835 18
143 243
39 2
171 138
906 331
693 1
117 991
333 690
282 644
100 131
800 841
722 3
929 939
205 179
471 548
535 915
262 282
939 286
388 40
584 805
56 408
900 131
942 514
101 549
356 587
804 999
752 304
544 772
726 772
625 151
936 326
870 755
253 723
300 928
294 739
509 108
61 236
565 472
801 669
586 413
791 62
619 937
28 522
781 68
641 977
110 934
19 825
637 943
318 345
841 186
36 156
940 698
888 379
175 555
287 45
288 901
419 253
900 258
582 274
326 604
241 704
457 899
500 871
780 881
323 998
533 167
793 202
323 200
584 193
954 63
572 610
756 455
630 951
393 982
177 639
364 575
864 927
186 647
405 413
190 199
824 381
200 567
552 812
315 956
721 139
371 558
337 642
986 17
270 206
643 848
424 538
976 487
337 531
764 414
964 584
783 20
757 707
943 338
781 595
674 997
860 792
222 481
139 799
526 217
194 350
847 615
448 477
288 374
930 829
862 160
277 758
593 925
904 832
305 725
378 773
987 913
198 24
606 165
537 930
611 241
832 226
840 685
586 433
993 510
40 21
212 967
795 391
210 861
746 699
874 500
398 648
662 981
565 965
684 629
442 376
560 683
779 651
311 200
119 222
550 574
404 956
119 929
300 253
67 538
2 915
702 992
775 876
483 810
615 109
50 935
827 101
702 883
689 68
121 522
107 555
290 9
951 220
516 815
721 811
370 347
923 807
926 394
949 811
825 757
203 697
20 81
892 323
422 613
520 585
279 944
138 36
893 222
967 699
16 648
458 857
846 204
617 587
549 593
927 629
567 790
290 346
693 236
259 921
502 893
560 420
229 839
261 836
307 901
717 242
829 536
646 182
238 774
930 413
768 288
818 485
440 145
534 741
428 850
252 654
477 623
811 275
597 270
734 681
848 796
98 215
316 770
875 501
820 402
714 957
550 15
166 260
60 287
886 151
360 725
605 565
142 301
607 91
536 760
95 375
300 669
230 730
66 539
273 339
903 731
525 165
821 872
202 474
795 355
374 756
984 296
148 639
511 886
409 77
687 294
121 347
174 207
549 282
737 33
701 710
23 958
392 952
233 258
434 539
73 425
196 551
923 875
300 112
215 263
141 608
533 878
145 869
898 317
387 800
45 196
589 391
37 800
850 949
561 174
487 960
254 981
129 794
727 407
814 603
301 636
52 390
859 62
953 181
721 49
557 331
426 223
544 982
17 938
273 576
41 463
424 449
881 963
161 395
807 20
341 130
677 632
569 103
474 433
534 807
259 659
355 58
707 273
703 670
41 367
117 540
136 53
729 992
449 210
17 502
716 176
493 745
477 740
630 298
118 254
43 265
674 668
731 597
844 332
350 29
190 682
249 238
912 500
568 374
307 458
182 714
202 28
611 184
613 322
171 435
420 58
460 811
635 506
771 746
804 384
349 494
872 805
528 465
107 324
589 760
654 672
270 917
567 129
399 563
571 194
498 256
996 605
813 1
118 984
15 963
396 583
1 17
827 429
332 581
633 494
686 352
146 584
927 158
569 598
987 163
264 588
671 133
752 919
125 139
751 171
384 933
812 477
685 873
963 91
530 682
768 91
785 915
337 788
121 909
281 747
954 749
96 733
25 727
281 893
964 454
323 470
472 956
181 988
94 535
316 399
578 320
302 704
804 770
918 478
553 518
437 755
56 409
946 154
632 844
582 388
853 172
156 908
268 726
783 209
967 84
382 716
812 839
429 613
620 376
307 441
18 513
496 462
922 742
500 398
819 18
36 808
230 315
362 314
288 585
326 145
734 18
644 830
795 347
334 700
712 400
926 832
528 287
128 653
681 311
365 838
371 441
761 1
101 736
317 547
690 63
641 577
613 949
440 894
438 793
645 805
317 660
410 374
230 95
547 363
675 318
509 140
699 420
499 394
376 191
586 862
475 181
93 894
261 530
499 59
409 807
599 564
159 375
606 548
521 870
975 948
392 686
814 689
234 327
362 656
146 997
510 488
257 260
556 152
3 808
337 86
301 563
855 396
416 419
9 308
636 285
431 629
747 668
237 838
517 916
440 408
938 379
646 56
314 433
501 753
483 346
545 459
585 50
765 336
983 409
74 869
609 972
369 423
242 175
904 438
868 79
85 355
560 985
311 816
756 900
686 105
122 982
389 195
731 334
90 378
295 609
649 505
338 848
783 132
236 183
697 323
938 959
801 493
378 915
820 302
236 85
712 777
311 421
455 26
259 22
542 519
946 196
50 401
415 667
473 558
383 23
205 345
539 127
353 192
641 899
70 103
22 154
170 921
16 47
398 649
383 373
491 363
478 603
301 450
709 453
177 252
231 897
827 134
595 418
483 988
791 927
470 714
756 151
370 630
776 855
726 916
79 608
253 171
21 37
353 765
172 87
211 651
529 530
380 786
346 366
609 300
936 556
302 449
559 906
432 891
470 775
16 634
881 940
789 913
205 106
82 759
543 390
121 875
658 41
370 58
299 122
74 822
937 652
529 764
616 350
771 612
68 708
133 179
453 910
931 160
699 618
122 909
470 451
26 399
200 675
937 430
443 471
227 202
969 797
679 138
95 963
355 110
156 69
708 682
753 7
570 727
627 538
633 601
740 283
340 137
412 366
606 356
643 506
594 503
722 909
736 824
255 495
628 843
297 203
631 832
174 899
363 70
202 72
349 231
574 480
406 86
860 377
876 248
73 253
867 455
482 955
690 116
28 627
359 99
568 552
310 365
738 360
810 685
693 804
451 457
534 188
22 384
741 1000
742 307
597 532
953 760
132 955
791 436
850 144
683 378
390 503
395 610
435 958
239 844
868 636
957 797
626 570
440 643
662 306
495 103
7 139
637 410
203 676
24 113
722 376
959 357
817 404
975 15
750 346
181 37
536 460
494 20
650 124
691 872
879 163
385 593
481 804
906 341
284 321
838 792
640 425
355 940
318 32
523 110
911 21
878 472
330 658
820 929
935 179
226 835
800 926
916 620
167 410
854 176
216 196
164 620
203 462
957 185
613 567
230 997
925 667
838 740
597 807
383 201
369 939
375 167
598 292
247 910
32 837
95 362
478 358
616 515
49 646
554 577
698 590
680 911
580 744
126 362
176 877
950 648
750 843
714 485
435 764
34 282
455 769
222 532
558 82
357 819
358 468
585 16
750 826
607 643
921 54
340 156
888 63
245 590
716 845
568 54
629 1000
596 324
733 858
863 799
385 354
267 834
751 809
777 233
341 978
267 979
968 631
258 818
225 845
941 527
393 9
46 845
195 373
53 127
608 394
96 734
939 114
794 787
264 826
63 394
959 796
87 410
950 662
816 598
985 321
795 960
78 764
66 156
449 12
782 254
695 887
493 827
335 361
15 148
976 283
226 982
122 167
13 788
143 689
915 328
929 892
995 918
557 899
322 468
251 486
174 522
799 703
302 381
35 514
930 902
382 943
183 650
75 773
683 578
524 710
671 625
948 245
490 372
495 517
153 892
71 792
404 555
706 70
500 825
25 427
372 22
571 264
83 221
193 877
624 407
721 547
760 183
244 72
12 374
489 103
966 755
885 449
978 37
941 431
724 961
894 401
54 72
275 653
993 928
875 580
414 64
346 314
185 888
665 390
209 2
985 993
521 583
99 559
32 373
173 744
765 510
786 549
522 123
371 643
600 907
492 405
626 359
437 308
555 241
765 858
86 5
199 286
403 493
136 144
321 180
148 182
605 924
859 436
113 42
186 854
160 306
925 289
284 175
74 867
612 617
702 45
562 576
212 313
674 594
937 252
22 974
151 174
8 136
653 744
446 638
433 397
655 366
1 833
167 558
786 503
482 178
88 229
567 663
804 763
353 199
961 768
526 360
732 581
957 308
481 123
782 641
269 850
18 594
58 971
206 471
26 121
390 750
339 242
779 282
767 163
720 818
681 716
385 31
25 48
944 984
283 888
751 415
901 742
521 816
632 13
919 11
779 504
998 204
685 910
870 394
884 938
63 207
132 514
333 52
690 935
68 807
732 350
56 935
81 430
646 906
918 751
99 587
6 501
356 122
584 477
927 631
143 132
660 18
846 893
705 639
815 758
651 881
217 773
803 522
772 731
699 621
114 391
612 410
206 591
9 49
66 34
933 297
616 108
781 740
543 965
196 74
22 648
574 933
268 520
804 938
436 502
792 582
758 305
28 543
631 503
268 671
624 821
680 743
826 813
496 440
813 949
5 648
714 778
990 87
66 397
562 326
841 389
382 999
610 90
385 583
969 297
114 100
292 90
130 109
884 668
900 665
813 744
822 521
279 332
908 188
495 930
256 477
861 109
70 316
811 109
687 401
232 569
162 284
991 783
779 407
484 407
513 359
881 877
369 31
573 635
462 490
836 211
488 865
713 360
788 286
628 93
186 488
979 685
506 909
837 695
529 654
664 147
332 769
24 114
561 829
634 861
708 984
197 697
381 460
439 748
579 401
166 314
420 333
15 429
56 818
552 855
205 721
534 987
403 71
612 303
1000 9
506 734
198 760
256 419
534 842
977 879
851 818
161 302
119 152
511 720
427 475
526 885
484 664
787 139
644 256
204 783
21 847
631 144
373 640
917 361
670 564
621 90
881 245
613 566
890 141
529 337
749 438
60 317
425 1000
528 535
502 206
529 482
396 223
749 327
566 581
292 408
203 303
726 729
231 149
801 758
288 559
416 596
787 583
735 773
168 21
701 917
593 884
353 15
514 881
984 407
233 704
814 223
671 690
267 296
412 823
676 196
514 235
698 636
590 518
295 670
153 129
118 555
880 966
867 704
463 277
945 62
233 252
231 857
895 310
806 2
79 259
996 607
546 410
237 823
275 624
936 598
3 673
360 264
73 677
826 109
774 261
544 790
172 60
103 577
507 344
593 191
975 573
998 502
175 81
772 637
910 28
262 159
29 116
746 486
603 19
713 758
994 940
426 64
464 403
111 492
268 867
569 16
151 566
688 386
318 221
892 162
825 239
441 758
282 562
454 205
717 922
739 190
388 442
140 532
800 42
284 251
804 994
436 430
666 975
353 472
353 318
804 625
347 906
408 866
597 38
32 866
605 635
862 90
421 272
540 202
135 550
175 353
801 658
70 121
363 1
588 766
737 796
424 155
66 752
236 672
643 96
990 329
796 514
110 788
232 882
614 420
693 795
729 594
803 247
956 463
999 491
168 589
581 967
665 20
684 464
833 906
922 493
870 495
926 429
38 733
846 68
959 303
229 78
301 561
177 739
306 969
220 647
307 573
910 606
207 198
350 637
673 252
530 543
308 145
203 845
748 743
506 278
696 826
218 130
38 153
427 402
375 504
627 659
22 749
973 387
665 882
423 934
321 36
201 606
991 35
443 521
575 288
88 968
469 341
805 299
290 872
113 267
762 904
504 632
526 79
175 39
839 252
752 174
900 384
244 634
227 364
415 645
110 587
866 45
408 749
139 591
156 551
13 106
805 158
888 700
444 362
24 552
917 677
184 791
956 141
758 769
84 816
840 398
343 709
99 310
148 469
25 390
580 432
177 67
965 250
768 554
326 556
220 39
992 72
276 369
97 276
225 351
542 524
301 226
125 510
817 148
261 628
98 950
102 918
196 95
452 225
382 358
756 439
298 523
580 229
881 930
609 659
115 470
281 616
979 513
910 957
21 374
993 685
578 629
940 364
212 811
564 512
980 925
507 497
804 342
459 370
6 389
30 271
27 604
879 254
25 653
786 808
498 950
30 553
899 616
446 313
428 988
344 479
633 163
973 568
464 520
639 529
53 618
348 622
57 623
677 133
131 33
776 170
562 327
52 549
683 653
889 400
407 773
590 55
177 472
761 78
616 711
157 835
619 152
366 715
936 206
886 342
814 51
323 756
123 806
966 286
70 355
827 164
480 457
360 557
137 888
68 320
966 681
89 875
383 585
646 555
115 231
564 928
980 509
505 987
770 335
383 990
846 482
978 234
361 244
306 687
756 97
752 308
93 725
519 473
319 616
56 981
989 539
958 331
461 226
7 115
284 701
968 778
881 735
682 536
111 166
204 324
941 553
964 350
717 2
747 430
423 187
194 193
33 197
217 864
769 713
75 334
437 363
989 942
186 557
481 939
501 600
754 201
782 369
270 133
643 685
385 881
484 646
924 130
427 474
30 517
344 6
17 346
576 759
444 145
118 322
815 344
174 592
545 844
913 288
109 133
825 428
22 516
114 541
210 630
99 179
136 391
655 304
753 946
718 956
644 39
226 18
529 490
383 88
809 113
459 696
922 816
700 344
227 676
49 644
446 902
948 588
610 127
541 715
853 713
325 96
365 863
828 25
465 613
486 957
179 551
715 681
258 426
280 654
966 378
390 781
962 809
905 575
505 518
126 118
219 816
421 768
853 337
233 140
766 38
551 654
7 88
154 572
476 968
306 802
751 180
113 704
935 269
403 132
281 544
615 485
696 705
665 714
154 313
587 937
803 628
492 435
309 227
838 890
694 766
221 796
67 801
207 857
208 905
561 651
647 284
604 751
56 45
276 562
906 425
781 555
807 795
576 723
114 686
959 940
799 923
307 13
420 788
921 777
683 934
887 414
602 282
658 88
736 792
368 188
636 525
89 374
3 34
477 999
596 355
32 978
913 959
473 576
511 152
350 286
745 760
25 312
545 660
395 781
809 36
701 809
81 736
353 923
889 57
196 311
92 480
129 362
228 736
616 942
966 358
591 127
22 334
210 38
708 313
728 663
819 576
59 951
651 139
779 478
229 363
581 966
896 338
626 753
625 898
905 83
737 328
758 742
923 863
176 248
86 607
451 78
881 901
628 150
793 383
362 558
310 774
354 654
233 795
380 94
18 441
534 529
96 525
59 627
668 515
501 766
308 146
789 717
891 679
218 131
972 24
904 264
778 289
941 787
969 870
472 778
934 420
921 971
479 73
762 695
342 851
436 284
978 895
761 629
456 450
264 133
377 380
375 281
752 336
19 413
444 532
35 595
963 508
614 773
830 966
210 567
869 804
504 1000
315 471
70 971
566 972
188 2
245 95
62 575
690 252
361 562
657 13
267 90
344 768
736 514
37 355
495 539
791 94
775 565
136 524
691 218
361 707
412 969
861 150
323 800
546 654
818 235
748 360
487 276
953 880
472 144
684 512
300 249
586 238
400 687
129 487
284 737
763 986
362 803
167 760
43 438
945 938
998 194
301 882
125 110
737 340
158 20
486 385
863 849
55 692
901 692
152 77
275 103
789 783
99 182
134 188
997 108
981 631
564 513
466 740
33 79
328 541
367 868
280 416
247 498
450 16
932 872
935 59
494 345
23 705
389 147
228 397
247 99
30 671
563 330
226 698
7 757
268 955
105 751
624 585
668 93
544 394
342 895
311 740
688 681
691 484
620 300
753 917
37 84
657 207
913 101
307 498
460 684
558 595
692 967
931 521
983 153
649 524
317 902
28 479
32 538
785 188
479 154
914 472
678 385
537 563
168 202
315 173
153 826
300 959
83 441
780 497
32 649
932 52
861 250
535 121
828 485
832 992
444 510
840 427
20 573
554 661
508 20
262 406
814 931
232 571
304 152
512 925
435 786
131 525
483 842
945 97
91 273
400 538
21 70
370 488
150 426
449 991
545 530
729 939
641 473
401 860
480 578
314 163
868 718
595 782
979 687
216 877
955 406
629 563
828 892
564 630
33 506
622 420
430 49
426 236
150 871
635 555
945 557
820 911
439 554
94 684
132 393
635 920
814 68
270 283
181 964
954 580
60 763
298 32
686 887
475 882
618 617
216 425
142 977
663 29
727 915
744 927
736 553
251 241
839 272
696 37
436 293
437 524
53 476
895 73
238 600
344 43
187 567
207 440
500 438
818 879
164 333
681 61
113 419
539 139
317 825
302 215
430 8
233 481
144 145
398 554
495 738
386 114
692 536
173 282
106 975
538 411
399 1000
681 711
918 412
426 950
297 454
909 247
183 584
624 287
54 726
992 787
793 806
41 969
775 658
87 504
713 95
438 160
865 116
67 726
585 21
127 666
241 735
775 944
10 378
945 909
747 505
534 441
281 261
615 262
447 400
431 895
250 930
3 816
245 998
57 775
851 404
360 409
823 842
366 147
470 479
258 926
480 530
29 961
730 894
747 692
52 358
381 494
823 763
775 372
959 491
744 71
786 591
824 358
218 61
401 491
920 825
226 512
868 87
155 516
73 681
289 350
293 702
955 769
540 657
265 469
86 111
102 323
972 68
648 786
304 984
835 452
319 767
195 549
566 596
147 838
330 680
829 318
385 973
118 175
818 561
477 519
696 237
346 554
274 319
632 959
672 86
947 90
143 547
165 39
352 530
889 365
967 201
813 524
460 756
559 88
448 148
911 607
308 896
455 563
275 521
923 357
562 415
619 210
47 293
31 864
856 14
922 55
500 223
106 178
751 765
185 705
681 324
7 264
528 49
214 820
585 160
659 937
93 969
77 452
187 140
741 557
979 920
177 438
451 275
345 820
771 996
776 827
232 386
28 971
361 34
768 878
788 353
16 923
702 811
974 12
82 380
393 487
676 702
682 703
720 518
632 365
963 170
712 106
538 88
87 645
954 939
902 305
806 551
898 690
95 676
319 940
802 470
660 1000
823 588
902 869
730 116
52 152
289 378
369 52
228 377
726 232
715 376
187 800
665 880
817 925
549 754
201 604
697 327
554 88
757 639
126 646
976 936
790 599
795 207
857 954
783 422
952 994
883 950
826 903
496 494
204 567
13 23
1 759
112 222
993 315
776 287
157 972
156 852
925 866
250 324
840 829
221 453
639 439
706 627
545 695
878 813
365 806
168 382
336 768
978 339
836 949
197 253
105 161
127 892
954 408
918 55
166 808
957 531
172 301
803 149
108 154
592 956
499 106
504 276
401 998
86 521
590 905
917 103
702 711
508 71
722 1
23 740
409 688
674 380
488 151
286 110
988 860
257 356
116 903
391 657
655 580
603 447
287 576
788 91
846 811
200 437
711 685
859 70
971 512
910 547
901 341
5 160
190 271
427 210
942 400
142 843
652 953
129 588
459 197
473 310
281 825
618 626
837 788
363 609
929 173
402 31
475 639
743 962
483 88
731 686
859 405
790 785
955 934
698 764
479 428
6 754
606 473
792 585
298 510
320 346
891 917
652 256
643 510
713 761
610 887
238 556
407 33
568 351
914 311
308 602
794 817
526 472
895 219
421 726
724 465
506 880
418 572
300 952
571 479
853 599
714 461
932 388
183 2
277 201
139 425
542 735
248 87
283 936
965 220
487 648
70 496
7 481
319 467
665 33
708 385
50 727
681 975
276 117
377 614
479 558
744 437
615 370
565 681
414 159
733 995
458 791
361 311
410 878
756 683
78 347
588 476
346 19
661 344
111 273
705 600
462 933
497 54
63 483
817 763
674 836
108 648
753 197
471 542
973 504
192 595
982 247
749 145
200 850
312 876
313 533
976 307
806 43
454 324
407 212
446 682
389 888
623 622
607 21
796 228
853 501
411 142
654 254
640 920
57 762
504 801
931 548
895 255
456 644
813 696
460 800
814 371
709 359
928 27
179 952
326 825
164 44
59 350
666 426
120 864
762 275
40 287
306 269
164 56
127 935
754 9
114 683
461 549
975 85
797 885
780 101
909 839
567 879
1 330
432 53
441 387
495 816
595 94
244 112
851 200
559 763
966 651
344 646
864 77
481 143
222 683
769 234
104 594
158 947
181 498
570 749
354 183
632 72
42 956
254 875
185 864
115 483
950 140
320 905
979 586
233 940
897 195
562 525
176 316
413 33
627 493
105 224
775 375
778 41
478 43
986 404
256 275
169 598
975 860
744 222
29 226
801 9
910 661
217 834
130 859
556 757
743 949
389 234
726 205
623 319
806 373
735 273
536 889
42 14
631 192
766 164
502 924
998 817
604 664
679 334
59 871
213 200
51 229
749 6
57 564
614 908
28 243
66 954
2 466
437 769
701 212
448 4
800 233
396 254
977 629
131 123
758 30
406 419
735 940
781 237
115 613
297 400
615 784
13 468
530 773
802 657
466 408
763 722
253 928
839 601
571 263
917 767
728 746
106 194
396 258
514 125
606 783
591 121
849 618
956 458
965 148
295 413
244 34
119 761
798 460
374 834
747 484
570 311
76 524
23 707
159 259
720 519
771 645
210 473
284 624
510 896
54 366
864 806
760 887
544 974
623 12
863 541
549 21
168 908
673 241
553 91
116 753
124 196
18 345
769 567
790 923
721 286
569 162
255 515
293 290
936 50
26 751
557 705
264 832
504 669
782 222
136 533
273 958
695 855
863 465
316 884
632 877
73 865
347 890
39 608
193 144
411 217
640 977
400 342
809 62
669 602
710 366
201 782
439 284
193 434
954 647
641 902
849 795
157 892
653 87
487 385
714 71
372 59
550 673
2 75
258 481
239 564
619 78
512 772
396 343
713 849
544 20
685 343
637 574
893 660
196 420
583 558
954 264
21 191
352 234
794 497
558 398
103 928
320 524
470 574
42 977
1000 446
284 950
626 531
699 165
450 899
439 998
315 700
148 20
96 461
868 699
907 481
197 705
897 267
55 551
792 31
441 119
793 458
65 547
873 148
574 764
441 992
707 29
985 739
379 188
142 840
968 975
716 341
795 622
837 787
274 211
5 65
100 833
997 477
754 194
668 182
659 153
218 391
347 809
4 30
191 439
887 467
608 824
126 675
813 945
26 485
759 149
468 50
640 957
36 798
806 390
22 857
313 843
61 189
425 373
36 877
477 45
689 589
249 54
286 749
688 730
952 733
830 706
266 633
590 558
116 433
886 341
27 640
67 623
615 186
508 555
235 293
258 685
666 105
21 895
547 294
236 905
413 905
529 608
935 516
632 45
171 731
889 578
553 311
729 937
180 603
855 536
618 403
385 243
328 861
536 418
590 21
999 571
872 282
559 794
305 523
159 616
133 845
817 536
752 847
792 234
341 795
96 678
189 471
796 289
268 970
507 252
22 680
648 199
23 763
795 872
43 655
959 949
203 331
565 270
344 25
531 146
736 896
570 756
790 685
26 197
829 393
961 49
230 926
758 384
941 513
624 902
36 818
607 165
204 632
162 888
549 124
17 155
921 509
118 781
911 427
156 618
514 372
698 649
71 633
398 731
422 651
519 997
442 331
687 339
842 168
22 54
405 438
79 3
962 949
283 518
819 760
659 911
681 767
295 619
172 502
615 34
836 797
694 407
149 34
741 664
906 687
559 619
763 900
983 847
586 951
695 123
220 409
21 88
870 455
8 533
414 105
181 354
474 284
995 875
517 598
573 780
198 967
51 778
707 149
931 302
57 413
923 914
138 230
416 268
360 8
864 906
974 323
606 956
229 776
971 459
110 5
310 603
374 345
670 235
233 606
911 199
181 806
744 110
877 942
492 332
882 964
721 113
878 800
460 306
578 461
118 306
884 475
878 857
244 935
739 162
186 814
541 360
711 184
677 376
575 665
963 972
451 955
891 571
883 988
910 709
539 248
719 200
523 899
302 134
585 618
382 976
569 453
130 271
296 59
114 798
867 292
965 863
71 460
519 952
151 468
433 215
288 702
879 878
18 619
844 931
956 229
991 524
328 304
283 629
533 605
917 766
644 602
629 4
153 97
45 979
728 747
141 448
849 658
820 454
666 161
650 618
110 634
223 825
684 317
278 682
564 923
546 442
345 683
683 125
384 121
756 95
495 53
557 90
599 487
478 957
418 740
945 824
833 390
665 393
45 407
179 901
360 503
916 126
739 693
295 83
578 621
377 852
323 154
626 801
169 544
875 921
59 628
759 735
529 803
108 758
76 209
523 402
798 792
929 991
103 980
294 235
406 913
407 481
389 205
925 395
378 328
469 127
881 87
690 341
541 219
484 604
471 950
387 181
235 747
252 583
311 562
791 772
502 155
801 592
450 638
199 857
516 45
829 34
652 477
247 589
696 489
706 734
249 25
601 300
117 534
658 861
329 81
354 232
3 144
195 517
446 812
767 72
107 679
455 934
595 315
836 846
828 880
693 970
505 737
309 977
296 708
281 48
524 84
482 755
64 541
749 847
348 232
277 36
633 334
846 492
340 900
382 304
239 374
832 724
210 152
523 707
914 966
590 911
375 610
646 877
48 341
103 564
253 391
718 115
756 290
918 625
413 119
472 685
517 609
665 278
189 720
371 757
815 780
816 934
998 434
906 187
809 487
363 722
750 418
588 265
369 69
740 92
707 429
104 246
123 178
574 991
8 508
248 993
427 498
375 472
839 297
587 336
308 407
994 690
498 517
319 561
285 609
201 638
459 946
903 925
939 492
27 214
563 264
549 869
622 805
455 326
833 18
815 166
820 264
736 707
991 289
151 62
961 886
193 492
808 223
348 648
439 355
779 974
525 222
578 970
412 953
292 71
735 701
921 401
577 311
227 618
732 752
942 257
231 82
549 185
878 216
210 971
852 494
68 317
378 629
767 253
645 871
704 301
961 690
837 15
585 126
58 486
651 327
813 529
220 438
202 921
116 199
188 724
689 409
918 382
785 654
863 801
337 7
285 511
896 140
551 964
882 285
516 921
668 672
797 324
465 219
963 100
211 907
373 21
380 18
569 323
627 19
243 282
742 960
393 23
334 602
968 925
636 350
789 657
812 278
545 501
837 869
18 271
422 297
540 648
478 262
155 682
212 553
130 996
682 201
702 140
482 307
194 511
489 809
634 516
921 896
230 380
156 935
51 139
507 989
456 857
113 326
169 52
443 565
450 567
991 500
591 536
558 553
9 748
822 866
201 884
755 471
838 504
415 417
5 905
619 235
487 123
315 202
137 783
706 808
712 602
328 190
154 620
480 489
943 538
124 536
567 964
879 664
435 883
275 518
520 651
336 744
153 422
119 791
232 425
283 807
893 972
646 666
774 367
980 652
124 766
125 19
471 11
312 496
737 401
502 768
78 155
10 91
194 113
904 278
767 725
95 572
372 611
785 456
328 713
111 198
132 473
725 582
712 303
252 120
678 580
867 689
829 1000
333 729
484 859
503 41
380 276
848 46
616 26
356 285
910 266
804 777
108 750
712 718
592 35
5 408
458 503
374 169
886 820
653 621
853 905
530 248
436 427
350 81
548 121
260 272
216 85
731 950
435 245
296 173
922 737
900 849
853 407
69 408
342 644
75 827
663 154
846 509
962 874
616 613
448 151
469 213
917 539
511 132
520 875
795 435
282 98
944 839
174 44
856 131
434 873
537 744
404 561
956 230
112 712
58 700
538 194
866 727
906 622
762 420
447 108
267 472
325 354
383 700
332 642
19 321
478 640
944 260
323 833
15 959
487 722
918 776
48 88
72 46
751 502
475 59
408 112
46 550
985 890
305 472
45 215
917 177
276 47
133 738
435 74
599 787
733 783
770 111
785 999
134 416
42 684
375 800
15 371
806 602
163 548
252 599
220 563
276 781
211 164
858 189
99 688
308 158
842 252
919 654
777 177
891 319
123 169
341 210
379 3
273 658
916 716
665 964
733 359
530 314
217 973
274 124
352 868
339 606
616 402
564 109
677 394
861 701
331 359
347 719
297 54
526 161
707 997
359 688
144 943
566 678
145 122
630 277
740 765
523 849
283 20
856 466
252 951
914 206
186 421
113 415
79 646
460 644
911 527
862 59
974 657
723 915
740 979
252 137
339 922
878 833
718 666
519 927
616 720
67 996
304 402
178 439
254 410
692 785
744 492
549 277
610 261
171 979
620 942
15 866
269 558
497 737
983 87
704 369
963 476
562 360
270 486
491 755
419 366
149 89
928 788
447 64
667 85
125 106
626 529
861 342
55 259
115 44
832 580
31 582
323 91
487 980
729 4
744 491
108 882
312 279
440 460
665 277
171 44
963 24
431 534
608 473
755 154
95 645
939 35
542 92
925 76
899 689
437 274
741 44
901 483
152 670
116 727
527 345
621 334
887 584
587 706
398 103
972 56
847 292
522 891
542 382
176 412
855 52
616 225
435 15
74 757
548 652
40 957
368 26
248 704
264 165
981 24
286 934
912 625
431 59
610 882
313 728
540 105
812 774
192 903
965 756
322 534
877 296
293 183
994 4
190 513
239 864
460 831
745 811
231 252
917 595
642 505
732 982
620 212
738 355
496 634
443 69
262 507
482 549
267 403
913 677
898 19
666 119
870 255
876 548
309 677
607 660
888 42
177 499
420 294
110 563
382 308
609 464
112 776
367 448
958 765
996 560
933 566
817 163
301 850
214 605
287 771
42 578
779 107
67 429
674 415
822 15
238 454
993 595
815 946
335 644
674 14
876 1000
369 262
793 420
833 663
924 586
915 889
315 809
65 958
281 873
194 218
290 745
958 124
994 629
852 651
239 463
651 736
237 41
194 508
415 772
400 701
381 778
635 244
435 107
575 359
208 607
407 209
322 459
677 211
184 408
402 435
86 204
500 434
924 300
550 434
678 199
684 642
645 390
47 777
504 804
411 304
819 431
171 593
821 709
588 720
311 283
357 713
69 197
70 166
127 979
329 104
168 170
905 779
970 995
888 360
617 622
706 809
489 227
72 234
61 660
211 362
654 680
858 614
292 937
646 520
261 550
279 701
653 464
324 90
396 639
498 341
225 523
251 631
547 34
72 386
348 503
613 539
404 449
561 90
945 867
524 170
690 910
4 638
314 306
777 954
471 360
717 80
111 925
906 225
137 629
48 761
161 62
923 882
842 991
57 125
630 834
446 9
263 685
531 666
242 274
790 631
320 584
816 589
782 342
30 731
126 908
401 265
937 495
39 283
924 227
85 169
877 61
184 342
938 963
66 774
602 372
711 186
765 861
374 622
401 43
165 82
198 137
518 606
922 639
819 237
912 441
820 338
844 360
442 664
98 6
889 369
307 302
538 446
101 822
84 68
965 861
3 864
923 718
443 943
814 146
541 682
819 312
141 284
948 732
465 148
787 726
649 729
947 412
589 312
240 552
245 141
962 919
582 248
340 755
733 100
935 1000
422 773
930 940
116 26
16 872
450 349
720 732
629 804
116 137
484 341
869 878
954 85
847 645
595 861
798 322
176 253
694 147
306 880
461 212
48 391
525 907
508 17
989 606
557 378
228 176
377 858
673 773
820 988
646 48
828 819
85 506
285 200
180 418
199 390
402 932
864 519
222 856
388 215
996 12
880 222
982 235
765 729
146 417
274 234
440 254
4 775
320 596
359 973
731 326
955 926
230 890
765 571
127 454
473 235
274 396
627 518
803 114
173 666
209 737
469 351
843 110
937 229
260 862
613 584
174 64
195 803
329 373
5 804
500 490
62 593
550 506
364 297
439 281
296 25
813 620
192 90
481 837
302 19
903 446
990 156
594 605
225 6
197 104
269 843
496 550
961 571
426 901
323 542
175 609
272 192
770 67
775 128
112 527
451 519
461 692
147 69
33 917
875 874
713 27
235 364
131 532
797 939
504 280
512 549
96 226
390 402
654 787
987 370
23 736
561 185
814 725
105 5
33 352
381 176
832 30
594 451
65 695
427 40
581 711
858 380
659 389
509 748
96 447
149 427
461 329
544 963
964 352
60 893
702 436
882 941
137 508
88 622
509 49
731 388
829 559
775 457
272 257
712 670
711 463
479 27
536 888
872 253
428 843
415 803
751 687
826 722
114 352
167 494
969 918
911 991
493 764
421 111
867 51
617 741
65 29
468 974
986 911
908 732
184 509
759 150
83 753
653 773
88 89
717 702
154 332
526 476
288 538
447 854
931 669
895 84
879 819
109 735
645 579
408 638
351 678
64 480
447 935
69 113
141 292
698 611
938 967
266 809
871 60
454 887
233 376
784 120
343 743
880 977
366 700
102 812
395 54
658 752
149 11
392 816
499 874
102 37
551 736
953 625
333 239
50 723
641 476
860 192
198 279
534 257
167 872
389 318
814 753
8 864
15 660
219 121
607 986
756 256
314 287
152 430
337 918
72 325
237 885
399 154
661 243
435 166
742 966
787 829
529 344
968 927
720 224
833 84
316 763
243 397
764 249
93 756
753 360
401 403
185 260
423 774
744 117
503 244
416 48
630 513
76 599
777 426
393 465
584 956
35 816
734 370
365 277
792 681
903 899
192 885
734 285
416 713
296 179
146 968
197 381
138 945
218 696
365 567
807 544
866 124
4 275
244 952
120 646
338 453
948 586
612 555
774 918
701 942
736 723
110 274
552 162
741 850
528 443
909 242
779 164
318 844
197 177
76 774
41 605
941 50
281 590
34 270
325 285
589 576
898 359
132 903
974 138
421 778
390 459
672 856
625 920
901 981
261 438
392 699
30 141
68 64
271 749
536 274
439 555
577 735
788 424
772 981
630 929
138 229
342 397
512 889
526 655
802 463
159 734
53 71
38 997
61 604
764 29
927 709
369 472
973 263
5 117
941 809
798 690
990 730
368 325
187 795
445 223
191 431
69 723
15 221
458 346
39 747
460 444
613 706
209 644
429 715
485 863
948 153
975 921
188 278
653 764
108 29
92 954
368 178
320 53
812 272
770 939
238 202
504 833
467 183
469 525
145 335
745 738
62 660
727 950
49 299
47 288
748 662
577 762
595 647
758 828
745 627
338 203
547 389
361 378
639 107
474 955
1 313
311 28
643 770
410 383
451 393
819 677
881 861
112 706
757 286
130 448
101 346
29 749
741 945
309 269
920 350
663 574
333 183
782 572
251 530
694 144
841 764
436 640
457 747
43 366
704 676
873 19
33 308
569 746
424 855
205 206
621 582
517 923
54 840
640 506
878 190
972 903
909 876
280 505
565 48
511 419
551 125
114 490
298 229
801 154
584 534
91 550
937 469
636 218
75 106
520 461
294 968
614 989
26 538
942 548
193 251
269 134
967 51
365 477
991 441
978 776
173 554
155 35
469 463
198 135
880 490
187 626
244 577
646 464
452 630
755 666
260 637
49 710
302 16
430 69
72 545
684 358
339 13
582 59
551 438
184 798
6 647
575 882
763 754
379 953
987 550
702 856
928 581
197 137
749 844
326 551
236 622
278 730
266 818
897 182
978 1
862 919
315 688
172 223
375 992
305 506
570 70
257 383
132 637
333 44
544 853
742 840
394 176
983 780
313 64
501 811
281 738
198 773
664 93
137 483
800 685
912 951
855 137
603 80
407 957
77 777
981 851
506 309
199 250
682 208
829 671
886 592
468 745
622 974
18 200
381 868
223 1
226 807
129 242
138 753
344 422
217 88
164 625
754 337
238 582
887 431
430 276
69 572
678 78
735 11
812 768
429 932
912 386
948 448
58 830
644 985
903 700
115 508
389 738
174 904
731 865
942 397
732 742
969 465
623 932
992 926
599 958
969 418
475 441
365 773
295 754
262 505
373 266
999 74
965 54
475 470
900 326
370 249
84 706
488 587
909 943
713 54
162 276
20 682
77 391
742 443
824 788
163 162
71 981
384 181
578 799
138 492
836 494
77 233
820 631
215 127
626 898
883 17
242 955
284 742
355 616
7 787
284 692
195 499
33 508
590 136
891 411
622 281
74 851
755 376
350 572
854 741
869 448
570 251
213 364
610 720
829 562
565 104
344 356
773 294
381 663
865 774
536 866
920 705
652 860
462 649
872 218
302 541
949 378
971 158
422 202
858 213
778 626
89 65
810 163
260 128
905 333
106 644
152 373
473 851
516 81
705 8
689 643
602 688
226 156
778 807
658 785
71 484
810 596
994 153
867 413
870 556
11 633
16 465
861 167
844 955
576 57
775 635
26 22
124 821
361 669
13 316
514 227
140 49
704 157
137 780
269 739
642 95
515 215
996 752
913 528
1 254
258 711
6 873
963 406
279 419
894 98
785 734
652 191
737 293
298 571
461 93
633 500
764 602
51 993
767 577
112 901
538 673
902 454
635 751
465 171
9 64
548 474
396 863
346 222
539 997
976 825
277 163
154 729
717 78
168 917
47 683
289 231
392 125
274 200
595 767
688 299
191 200
639 914
696 806
294 195
26 869
338 979
345 41
971 301
402 96
277 916
39 277
645 857
212 703
968 745
40 1000
134 698
84 497
290 860
810 135
299 918
364 176
139 714
13 237
457 483
258 244
79 860
836 697
874 628
418 526
519 948
259 194
870 968
269 805
550 702
684 900
956 225
336 794
80 948
214 991
899 259
171 1000
188 970
12 152
549 463
366 629
771 861
390 293
232 633
528 70
571 23
572 791
22 304
7 36
916 972
197 950
381 57
770 270
2 676
189 998
499 178
997 927
724 569
215 182
571 74
94 957
257 274
408 49
649 237
251 642
783 305
161 254
186 36
241 424
528 904
663 799
333 408
87 233
90 191
860 431
38 951
111 231
202 964
608 431
916 344
574 852
280 506
717 852
743 980
65 789
798 687
655 34
619 731
854 134
303 132
251 191
930 622
807 495
169 224
339 720
126 648
83 727
374 426
216 52
535 287
99 325
959 687
636 552
610 770
917 971
793 597
60 108
558 983
230 644
140 148
932 595
880 201
753 605
701 981
154 8
598 583
14 564
953 776
349 443
169 483
135 800
652 142
671 363
235 316
272 194
680 223
315 100
23 943
746 832
994 837
969 231
755 690
996 648
776 833
989 365
907 6
565 558
379 631
486 297
672 315
297 988
245 958
820 668
659 534
987 229
881 602
976 882
225 674
906 69
988 274
110 231
696 433
8 563
834 739
142 674
532 110
401 548
293 542
225 802
459 362
886 695
412 188
655 864
927 527
108 531
308 125
860 546
330 533
845 434
167 138
333 670
975 787
501 588
39 825
454 946
664 380
242 344
939 194
118 463
87 156
159 951
860 454
834 167
193 85
212 759
821 859
914 15
298 504
874 795
730 487
804 546
994 400
761 395
230 582
467 272
459 660
559 51
961 842
464 814
908 855
197 296
894 897
24 882
919 49
113 852
728 26
219 657
1 582
273 473
936 39
240 660
918 395
847 275
903 605
899 488
412 804
664 689
809 328
261 813
758 869
857 596
897 829
384 360
899 347
24 703
813 385
482 659
528 127
163 212
383 625
265 402
760 248
408 141
600 609
604 441
978 226
375 598
211 689
820 705
305 404
911 47
257 297
721 780
774 278
745 134
565 691
400 785
146 547
903 458
38 541
111 57
557 303
25 934
475 609
604 846
427 167
270 371
734 820
361 281
872 865
946 796
782 462
397 596
734 967
824 584
8 269
144 701
270 141
223 215
596 659
797 793
905 146
470 718
389 796
984 798
370 601
386 521
540 938
249 409
854 206
530 144
863 20
757 561
226 955
619 879
572 490
365 420
654 699
686 653
191 841
737 783
614 599
625 825
933 361
735 669
131 803
704 111
216 286
483 884
597 732
196 731
767 12
144 438
165 576
630 412
652 86
780 99
642 92
133 354
370 549
766 49
102 116
124 532
688 743
367 368
59 931
386 433
614 147
784 260
805 763
625 926
175 465
168 745
214 288
33 701
608 55
627 213
935 692
106 130
494 388
959 306
1000 766
336 409
797 292
852 976
125 881
567 350
627 499
404 290
776 10
211 792
815 689
203 441
51 604
323 451
142 773
311 918
976 503
706 128
102 834
333 160
472 822
424 697
665 925
99 505
229 614
469 215
762 778
653 617
467 490
839 386
532 602
806 73
365 503
645 197
297 111
5 678
136 427
840 76
69 499
804 634
566 841
218 747
293 251
653 818
79 686
245 210
317 229
754 632
684 871
603 357
762 95
637 833
952 555
663 7
945 486
800 495
439 468
297 555
245 357
529 880
736 348
37 425
245 278
456 597
528 40
529 769
966 350
988 162
111 701
828 283
187 133
542 537
745 403
46 328
429 448
586 857
555 670
6 842
258 877
823 897
625 954
419 455
171 294
998 169
197 582
418 149
771 651
246 873
967 715
659 618
492 745
592 711
989 603
293 942
149 404
742 829
467 989
216 731
648 584
326 142
233 684
489 570
825 48
863 680
423 891
946 804
103 979
513 659
73 247
706 228
624 549
312 955
78 806
245 502
433 729
736 990
490 418
683 877
482 102
815 280
715 92
717 518
44 900
740 761
652 587
464 948
191 675
250 109
178 254
919 191
979 400
528 584
452 624
967 339
164 140
644 886
538 401
611 253
548 83
356 960
843 478
587 654
746 687
26 967
106 782
13 498
334 308
1 490
148 623
974 951
794 217
188 888
231 954
773 171
130 161
866 759
371 271
297 656
706 876
619 469
712 753
785 635
624 429
770 497
476 974
150 279
125 501
54 947
646 727
168 530
426 570
143 120
48 120
380 805
418 70
515 460
457 564
98 830
337 30
615 327
194 929
431 828
233 989
585 304
608 255
402 594
662 412
556 119
646 353
48 422
436 789
772 341
584 455
323 381
920 142
256 290
792 148
422 371
671 812
150 962
318 416
803 564
274 186
367 989
616 111
86 63
99 416
123 38
624 577
570 619
812 563
972 139
956 512
631 134
388 468
246 416
674 541
217 94
821 800
661 769
41 392
943 491
156 975
873 555
583 944
274 382
636 990
343 353
623 704
662 560
807 569
776 339
541 589
122 455
947 138
732 652
146 117
183 708
679 707
442 462
683 644
61 296
653 996
467 428
213 605
288 652
698 767
511 344
849 889
971 991
387 336
410 147
488 687
128 576
353 693
278 922
432 470
534 75
667 982
581 100
374 360
345 964
396 704
2 843
97 335
159 147
310 53
423 366
483 707
724 515
928 820
893 916
230 182
662 457
320 932
263 278
917 35
324 256
73 512
760 838
51 677
413 86
380 47
417 19
54 296
241 375
539 904
186 720
261 130
427 166
851 291
375 228
301 641
472 573
215 863
952 263
642 735
347 335
20 351
811 60
351 271
545 392
632 104
711 543
234 823
532 242
899 657
789 525
313 316
78 636
562 845
137 110
428 667
807 691
749 249
531 954
180 20
273 862
332 959
592 60
294 52
126 999
591 951
105 860
344 388
92 802
364 63
368 58
48 462
361 839
14 433
810 304
192 999
579 757
529 472
921 598
919 175
201 858
391 845
8 903
69 304
363 31
933 391
207 166
986 361
726 582
987 834
470 846
164 43
681 455
809 282
349 113
425 513
780 397
947 388
952 931
733 491
400 961
277 133
676 416
824 553
275 924
422 797
24 668
747 352
732 212
681 626
79 303
428 21
396 635
440 571
612 945
704 556
738 991
659 736
676 642
401 816
3 824
100 380
873 52
720 417
253 295
320 831
3 982
777 783
885 822
389 49
337 768
104 21
466 676
825 27
698 267
345 603
47 538
764 24
877 791
18 364
204 71
479 207
65 783
431 296
962 257
566 445
436 146
222 359
39 279
860 349
139 913
514 895
234 973
471 936
682 57
242 496
100 918
781 435
912 558
542 102
161 638
109 864
511 988
207 503
355 288
936 514
621 197
434 177
277 741
64 158
616 475
944 540
502 288
532 697
93 285
739 279
957 436
745 854
681 650
516 341
339 114
785 380
514 338
878 793
261 679
850 410
762 318
384 418
337 390
853 982
607 603
646 601
187 132
656 397
326 585
475 129
206 19
113 958
745 291
102 992
728 527
407 741
57 882
354 933
941 309
251 535
638 897
451 57
306 876
59 684
426 377
45 401
698 461
389 388
194 892
285 83
399 223
521 477
812 324
319 980
985 648
512 8
111 342
43 926
599 467
688 457
319 805
86 16
33 132
696 964
473 461
579 881
947 757
95 979
647 952
695 928
456 31
938 931
904 111
189 251
388 547
320 374
854 247
69 581
492 76
269 597
809 39
38 339
45 621
545 621
89 345
321 61
283 265
140 150
109 759
220 482
244 866
460 871
796 969
804 460
291 147
645 764
457 170
26 76
930 212
625 746
563 458
719 17
560 902
153 496
483 857
603 632
860 73
742 109
486 303
183 325
132 745
394 44
94 927
665 367
849 250
99 999
246 842
662 376
655 588
508 49
399 130
863 171
261 173
357 308
587 923
769 330
272 942
242 116
246 532
270 260
920 889
545 92
180 49
973 460
597 82
293 43
568 154
245 941
146 16
396 964
591 978
85 109
855 601
880 299
19 339
574 35
207 574
602 296
985 160
605 663
74 321
77 137
165 22
593 603
388 267
625 169
635 416
844 684
62 625
909 488
70 44
326 186
919 51
44 655
335 440
715 462
429 835
800 441
505 421
309 491
70 191
272 2
933 371
407 652
283 642
819 372
989 60
2 38
576 79
499 304
689 800
909 859
841 125
145 566
241 857
311 65
153 35
671 993
732 241
352 141
50 737
671 317
983 928
949 624
896 356
471 140
521 857
149 120
98 848
655 642
289 781
343 438
35 461
402 548
991 351
918 932
43 282
559 946
447 500
51 823
626 897
789 953
16 436
985 550
604 840
34 975
538 618
333 350
959 510
941 543
856 821
102 613
820 912
488 409
423 36
513 824
364 628
565 864
88 590
33 211
604 622
644 469
76 23
351 415
613 968
463 753
168 921
838 935
161 375
312 901
699 755
167 313
613 857
872 221
411 971
433 663
793 711
921 906
669 840
30 690
198 288
92 803
878 710
471 884
463 900
445 409
818 661
446 594
948 304
914 128
682 356
729 135
927 372
331 495
39 950
65 287
448 129
274 903
585 960
553 98
776 479
540 360
597 873
945 504
230 322
467 12
784 954
453 33
182 481
957 369
961 630
945 329
340 373
905 831
788 897
667 772
373 491
831 1000
361 275
92 389
662 25
332 660
425 596
23 977
942 249
513 303
932 311
182 178
898 355
793 79
633 264
462 418
979 884
157 496
326 765
878 222
292 231
394 21
984 845
882 424
794 722
102 807
531 541
99 575
669 9
270 418
641 222
716 694
367 822
945 203
522 75
775 367
318 494
743 376
958 115
539 772
851 874
436 236
540 746
248 944
688 445
928 140
493 926
385 939
995 164
613 893
155 317
230 851
636 178
51 380
70 680
696 7
532 501
350 830
142 212
861 708
806 79
758 372
578 230
653 760
531 292
1 881
62 446
193 317
965 695
69 386
144 871
416 540
420 252
115 764
973 984
711 291
889 485
303 801
306 199
273 278
681 401
386 47
369 685
101 642
321 514
909 129
344 989
733 349
623 985
258 21
455 481
173 134
301 465
490 26
93 943
774 656
791 274
79 236
119 979
83 233
306 440
434 581
291 468
701 513
12 362
987 508
642 209
371 83
392 716
401 898
609 275
992 389
77 221
6 219
707 890
15 551
492 852
698 91
368 842
908 578
444 995
570 656
167 957
887 436
525 791
656 586
731 14
453 780
111 224
522 111
704 838
462 634
800 645
357 352
821 49
807 66
760 605
713 873
471 617
494 314
317 323
9 914
99 708
490 777
644 316
592 5
520 354
829 744
167 449
283 204
138 729
553 766
297 56
977 590
743 695
160 480
606 373
329 495
296 224
407 20
429 956
857 897
985 244
986 551
71 139
240 909
574 358
23 484
874 301
716 540
196 1000
586 336
416 568
97 869
648 371
278 146
266 762
529 48
14 648
110 989
371 499
887 523
908 140
326 889
778 139
139 294
712 612
412 882
275 870
8 380
224 78
22 497
339 367
975 442
832 700
879 734
168 532
153 352
262 194
103 476
489 472
716 905
55 281
263 300
140 569
519 894
555 410
418 436
445 750
871 552
545 560
603 438
529 75
663 828
618 345
730 831
419 848
223 478
761 995
78 503
262 782
273 277
19 7
65 837
281 794
752 569
325 131
844 233
338 918
657 522
164 750
75 445
921 941
1 927
915 287
863 61
812 877
905 341
49 939
291 210
526 264
804 557
952 760
807 682
210 837
250 143
235 977
365 590
656 344
403 977
942 294
451 777
930 962
285 171
776 292
596 173
870 516
687 214
987 888
805 167
205 923
652 222
980 179
123 834
995 577
760 285
447 563
452 871
401 139
25 111
281 21
763 771
380 613
36 297
813 15
941 90
672 817
50 637
291 381
668 921
195 217
932 754
93 554
797 684
210 262
928 677
512 292
586 139
727 756
721 283
559 802
121 786
177 544
824 485
676 590
418 330
493 262
77 967
81 396
924 856
566 181
938 292
66 635
990 592
406 993
416 53
215 703
968 652
78 749
134 579
823 252
578 269
61 784
53 433
663 330
754 286
518 741
389 927
543 818
877 228
94 214
832 491
407 239
801 416
986 620
861 528
734 262
590 706
463 820
912 482
328 178
190 551
178 23
607 306
875 122
676 377
277 94
214 951
585 801
838 157
839 620
755 593
438 783
754 900
314 777
991 945
762 395
429 72
983 609
325 375
537 311
424 313
874 330
727 636
28 842
50 889
757 261
581 983
339 404
158 952
681 897
591 130
36 577
671 250
831 401
612 514
224 707
986 379
215 31
682 592
994 862
336 412
778 79
856 867
158 229
968 849
276 880
538 591
428 603
67 173
674 159
90 86
329 950
897 484
347 429
440 121
369 437
904 392
467 800
843 13
713 844
787 469
259 620
425 372
317 318
9 117
321 187
303 383
506 361
576 703
973 403
924 249
216 318
804 903
535 529
22 588
722 804
726 932
327 171
597 185
355 290
231 463
622 740
178 228
559 253
892 634
269 59
135 310
398 925
757 820
443 820
60 235
908 794
891 690
819 401
53 841
771 329
693 504
813 659
870 972
176 728
122 364
359 73
73 160
214 371
681 289
314 698
44 487
761 19
889 198
671 666
73 386
185 568
917 375
77 506
888 505
500 967
881 515
31 25
258 679
524 592
292 681
591 279
205 120
81 42
245 855
550 724
401 675
756 325
925 240
