815 2512
469 220 808
773 431 928
501 353 736
744 570 584
302 128 853
767 363 452
495 298 830
613 804 483
145 673 104
116 345 387
442 50 1
97 92 95
376 412 619
385 503 460
133 412 22
616 517 680
359 219 303
435 233 397
784 77 83
681 489 876
224 467 22
767 161 626
668 438 323
597 314 212
306 507 59
760 43 849
383 417 334
393 231 861
407 378 453
397 90 46
99 457 790
253 585 547
100 392 198
681 657 664
206 441 10
697 204 265
272 36 15
381 807 107
666 492 586
258 348 576
362 245 166
667 140 257
218 206 590
732 195 449
78 240 225
32 175 685
452 419 806
354 627 473
627 373 511
293 578 430
800 591 46
574 545 420
658 554 456
495 201 729
302 64 182
667 705 763
297 214 215
599 555 99
144 688 900
139 581 426
395 532 122
334 568 349
213 62 440
577 424 487
606 631 919
717 360 380
613 110 64
75 527 133
514 315 31
15 278 386
98 314 991
56 631 588
569 239 596
666 466 133
219 728 2
582 407 773
169 640 786
583 76 323
83 560 552
626 601 457
685 540 329
613 550 156
352 473 65
290 811 897
155 15 408
316 759 397
573 328 105
7 529 736
255 349 478
262 686 358
488 702 278
785 513 624
497 464 606
796 474 252
310 193 203
122 446 856
341 348 440
306 772 574
219 159 825
130 47 210
260 152 372
396 248 799
377 668 49
182 754 273
29 609 903
399 637 872
394 471 206
762 22 234
24 694 129
412 246 18
411 128 49
149 683 693
472 386 813
796 576 552
669 711 42
257 371 940
519 244 538
610 726 914
285 237 135
205 795 808
645 360 604
142 546 156
712 348 657
281 78 708
487 267 170
779 395 871
592 200 756
376 526 194
266 186 760
142 705 835
59 20 188
277 24 775
39 393 543
148 267 749
512 411 995
153 580 301
434 298 475
219 768 506
570 580 619
346 157 341
385 404 426
344 28 848
33 389 519
395 691 471
689 657 938
795 376 120
597 87 688
508 660 709
523 180 261
121 554 558
393 582 407
436 650 161
372 650 375
600 618 161
333 114 147
247 780 77
706 791 739
462 409 421
297 38 926
369 57 405
597 413 960
536 289 296
8 343 459
187 780 705
664 335 550
715 324 506
417 147 495
148 64 960
50 528 427
97 651 509
670 115 23
125 501 565
305 433 723
578 808 52
419 420 267
541 790 149
647 95 392
805 390 208
459 112 927
487 547 577
8 732 836
478 654 226
807 462 73
491 769 513
56 641 608
289 253 284
197 105 298
590 521 357
575 59 624
347 588 134
229 459 802
137 544 972
221 193 599
63 510 789
53 804 230
571 186 407
321 239 688
221 450 689
280 130 85
217 339 424
310 20 963
535 426 115
323 201 347
669 546 467
612 67 896
312 263 243
607 514 729
398 279 69
815 175 198
689 566 716
330 595 797
741 105 468
745 605 842
182 47 250
486 368 508
542 216 984
706 578 921
581 275 3
52 429 149
722 534 915
146 649 253
547 360 200
7 350 266
516 595 304
631 583 626
341 93 831
1 672 360
193 22 421
294 776 135
252 37 646
589 131 616
443 379 91
184 708 290
394 791 247
796 200 37
740 30 171
576 636 20
302 813 148
77 469 54
78 531 948
688 421 399
794 724 134
241 153 331
417 657 164
379 801 407
753 59 330
69 26 235
197 1 504
276 363 363
147 458 280
603 803 555
503 170 99
257 499 694
320 784 504
599 436 193
249 688 154
625 148 27
352 509 413
298 644 198
481 187 508
443 270 222
578 377 726
743 327 973
460 169 415
783 523 943
603 77 922
513 759 234
621 738 42
421 501 233
636 280 417
474 550 982
623 705 937
695 588 98
15 90 96
324 70 860
803 519 689
223 310 432
626 120 18
300 201 802
569 716 414
264 642 822
504 509 400
71 338 102
52 462 715
692 120 552
349 230 359
256 22 315
620 583 935
442 313 252
111 454 988
382 452 17
643 34 611
142 560 558
578 157 359
795 735 16
428 635 449
683 655 889
802 796 960
302 336 107
500 654 88
179 3 311
87 778 99
49 695 22
617 661 537
281 533 518
340 207 331
754 387 130
429 273 530
416 460 536
373 685 539
600 623 686
584 386 269
488 225 662
327 635 152
128 799 258
351 548 599
530 259 465
79 337 449
180 353 717
204 481 451
489 354 489
196 741 224
727 276 474
274 154 489
724 799 362
325 551 968
44 127 312
353 615 341
503 671 441
419 378 245
48 689 339
607 668 513
465 638 184
515 66 116
394 664 975
384 112 238
618 134 689
83 804 840
43 528 203
397 170 194
307 78 188
133 258 323
40 300 104
200 14 764
544 757 900
248 780 886
518 294 944
49 813 727
726 524 187
3 300 493
535 815 755
530 510 13
531 535 187
201 781 28
663 143 615
177 261 413
135 488 255
132 91 269
374 17 875
282 337 49
649 407 463
551 531 27
365 346 246
681 60 736
395 580 335
300 149 519
530 74 245
778 181 224
348 431 846
426 539 687
170 91 242
436 560 492
513 745 794
393 518 806
725 154 821
70 15 113
406 453 65
723 404 923
113 481 287
538 654 499
63 422 482
776 332 252
635 53 362
163 698 502
321 461 896
607 436 140
194 437 992
675 363 335
691 210 566
112 536 438
513 502 132
82 147 363
65 619 746
199 79 572
22 455 1000
781 193 10
609 729 607
450 201 300
560 170 538
765 95 163
440 494 782
224 527 622
276 257 447
489 347 615
226 357 470
688 255 480
785 542 473
202 529 557
433 340 23
103 215 732
212 499 935
771 429 589
122 542 922
357 443 834
338 249 251
665 75 865
727 464 94
775 169 121
412 357 312
266 568 27
135 626 714
752 42 100
525 807 229
160 473 48
251 238 282
744 582 767
745 334 854
767 29 993
186 789 943
567 458 717
441 434 786
386 163 772
553 755 315
277 13 114
663 745 131
449 444 988
686 609 516
634 685 320
153 296 570
252 745 195
578 548 170
646 117 895
450 738 358
545 507 692
119 810 916
702 549 470
790 321 716
243 69 958
763 263 774
708 51 228
402 346 26
186 341 981
331 37 302
325 689 383
769 614 634
230 56 940
552 547 124
688 603 91
316 339 945
61 438 94
815 483 977
805 540 840
410 63 717
199 684 147
223 564 369
277 635 644
424 340 21
39 38 26
3 304 215
470 429 936
346 361 871
566 261 68
541 176 785
462 516 312
696 708 663
282 743 418
354 684 849
329 171 482
312 75 425
211 335 887
407 359 886
579 382 533
520 528 881
162 314 426
734 254 147
342 223 690
180 349 691
781 622 946
602 625 614
522 664 394
133 522 617
283 602 817
768 15 343
208 662 987
264 185 723
70 136 803
439 35 583
230 720 852
206 64 142
81 413 899
169 341 625
107 387 562
384 373 446
388 606 857
271 763 245
647 125 708
339 632 922
390 326 136
626 538 823
140 690 906
564 752 493
574 452 796
537 660 458
75 642 489
174 637 952
563 465 306
296 762 331
14 206 26
456 474 522
225 789 940
686 454 888
717 728 49
275 68 471
272 687 706
243 151 556
136 605 338
330 294 730
448 565 80
428 622 345
415 101 875
42 574 917
15 413 759
393 594 554
458 499 235
705 537 44
346 188 205
336 72 306
14 307 896
440 446 199
417 637 526
11 814 106
795 679 372
612 642 851
343 163 208
531 145 853
482 705 323
280 412 736
628 322 823
410 31 727
263 21 549
170 16 514
116 350 570
321 292 377
284 27 371
285 289 621
280 495 249
612 576 881
662 470 642
37 317 633
642 693 726
103 142 81
692 453 818
317 686 631
704 480 546
251 324 703
614 302 946
105 16 429
308 555 940
220 83 366
126 14 609
800 458 873
63 627 494
410 357 52
327 433 377
476 267 294
319 470 707
470 64 98
737 171 198
290 344 773
223 270 541
683 150 788
439 457 626
452 199 970
153 559 751
66 776 574
86 188 629
699 538 701
295 807 485
553 621 87
277 778 751
672 15 635
368 345 181
784 450 570
603 758 947
276 462 809
522 292 934
106 535 718
686 304 40
689 396 727
587 467 445
495 578 127
679 780 426
732 721 490
733 703 290
163 691 965
384 388 752
122 223 305
231 805 832
456 193 442
451 674 148
222 300 384
507 438 988
226 621 498
241 341 211
678 282 444
775 374 34
263 24 511
57 234 545
813 487 658
284 469 819
739 762 168
517 216 585
193 573 875
87 371 167
803 266 435
315 308 832
783 303 456
526 389 873
619 722 421
13 733 405
466 272 400
668 795 113
157 359 857
587 299 893
316 570 324
338 571 379
782 367 289
230 252 350
576 453 678
147 720 949
110 166 863
121 487 848
430 230 366
505 466 489
536 145 832
675 239 103
112 137 477
487 326 30
689 346 41
705 235 702
201 659 601
602 116 4
662 279 816
455 252 419
674 122 891
434 446 817
744 563 757
71 21 873
408 45 937
709 21 384
584 481 315
514 2 635
199 621 898
116 413 187
375 650 604
264 622 144
22 468 79
423 504 874
271 569 711
429 252 369
657 672 149
236 725 405
114 722 329
626 128 941
240 427 501
239 341 771
264 745 944
7 239 647
64 346 138
179 181 689
41 548 214
477 118 61
316 95 824
155 366 289
707 482 711
731 251 626
587 228 931
358 231 565
99 521 751
57 172 439
193 588 886
201 587 450
346 531 95
468 433 25
113 325 856
37 332 339
301 552 662
99 687 260
344 750 492
722 468 998
536 466 773
406 283 873
712 127 927
640 800 312
797 326 595
392 420 609
492 141 217
85 102 366
266 622 642
142 473 665
522 247 166
450 98 498
677 580 149
5 128 364
411 306 779
604 364 288
275 35 905
420 286 77
648 778 633
592 620 733
571 506 815
619 801 107
12 809 755
537 227 779
102 524 830
405 811 305
312 613 396
717 230 17
255 147 709
730 375 860
186 640 793
611 22 757
346 55 840
454 103 545
250 317 782
649 688 415
698 45 916
357 525 12
813 543 869
207 782 93
203 188 74
428 91 954
276 551 177
85 251 654
365 736 210
110 534 496
595 443 84
221 100 462
492 804 279
202 499 333
673 575 981
112 148 192
664 300 49
300 703 119
320 164 157
774 611 380
424 233 541
380 440 804
439 739 167
763 332 252
384 449 271
724 298 270
365 478 538
734 97 440
488 16 121
119 115 365
421 566 241
88 251 55
811 566 362
149 672 615
408 793 350
308 815 23
670 721 182
269 568 696
691 783 472
89 307 227
141 803 408
151 410 219
758 627 298
416 315 101
255 21 885
740 60 684
50 26 193
24 304 694
140 554 386
231 148 576
102 460 766
93 252 130
509 99 656
399 368 198
150 184 667
778 133 915
134 91 866
654 46 338
787 562 876
172 419 449
268 254 791
20 136 431
342 221 237
544 527 904
102 674 475
411 188 296
661 310 243
702 778 899
50 280 437
616 440 537
236 128 695
177 624 917
184 223 360
253 710 736
274 606 310
335 188 879
472 556 910
9 771 188
158 476 235
633 540 131
708 625 272
344 87 829
801 172 150
53 12 895
22 425 545
714 704 900
29 692 677
99 670 792
380 509 500
709 356 517
429 225 883
442 521 893
622 116 63
563 730 930
733 188 945
456 450 858
536 92 92
734 112 834
5 19 238
136 795 323
342 114 533
695 455 92
192 245 678
497 495 98
670 227 925
747 16 172
531 95 618
489 545 244
373 157 278
47 605 497
16 786 756
164 470 918
287 734 596
519 75 502
191 343 140
63 756 965
769 784 525
195 200 811
550 520 624
358 441 663
436 219 793
222 643 735
554 532 507
651 362 90
313 348 1
304 264 633
739 256 753
37 331 959
467 613 817
508 312 605
375 441 538
580 767 619
709 239 47
722 694 396
85 736 993
525 802 265
798 459 944
79 640 36
137 436 209
587 580 613
716 579 799
167 457 686
381 641 495
487 136 243
489 584 868
444 77 292
375 325 667
148 51 12
710 518 106
89 688 580
749 746 253
609 533 242
715 174 834
175 296 910
353 104 412
42 109 779
590 310 470
136 368 941
193 467 953
776 353 990
805 397 173
769 104 832
152 245 36
637 714 538
111 487 916
450 419 434
118 704 481
292 748 392
239 123 779
377 428 156
165 193 623
51 166 854
663 456 851
119 126 935
199 389 845
12 57 283
748 727 156
312 732 819
564 790 650
7 561 121
601 324 158
281 474 805
529 149 308
453 811 997
38 587 197
479 465 847
276 389 314
813 29 48
567 425 696
136 800 537
16 326 564
440 749 34
414 660 676
532 12 858
681 449 741
588 226 822
18 251 221
617 337 52
542 647 153
654 605 265
361 306 714
668 395 286
198 34 721
720 431 925
207 458 492
350 46 835
547 290 566
236 403 647
492 309 744
531 768 69
460 799 177
594 203 379
185 384 4
354 611 398
237 333 116
414 550 201
313 47 884
708 667 74
163 114 875
86 505 97
103 691 336
370 24 494
693 202 430
511 799 600
99 714 908
337 743 64
690 794 785
246 265 843
679 310 330
157 337 536
51 392 496
585 704 541
591 303 604
144 483 959
188 492 374
143 465 537
378 710 925
355 427 291
379 807 448
175 337 129
782 1 203
762 193 43
706 418 845
17 385 231
3 815 913
1 59 268
327 798 42
30 539 819
763 412 461
96 179 855
203 169 886
747 474 18
721 151 940
397 295 819
787 431 321
577 295 296
721 561 612
381 544 972
191 551 120
636 501 687
556 339 992
809 779 850
695 749 108
626 255 934
62 437 667
271 445 906
78 782 204
542 176 223
98 512 78
212 460 829
288 132 591
418 374 370
794 253 531
708 167 869
156 611 808
774 270 199
542 793 141
104 86 257
64 507 168
695 610 639
268 498 438
248 513 53
345 14 710
704 121 365
646 115 874
101 51 623
782 203 30
511 17 632
226 24 475
764 800 714
787 248 23
247 730 747
130 678 192
298 730 861
562 259 73
116 275 790
309 141 542
771 574 50
694 84 316
113 137 702
93 512 936
123 260 760
577 385 183
226 84 674
726 143 470
262 86 681
719 504 281
676 397 321
238 108 556
548 698 915
102 576 515
205 733 592
616 68 315
307 774 569
300 689 471
2 764 195
570 113 719
631 627 206
371 789 156
564 787 20
365 745 395
51 404 47
506 189 645
234 636 346
735 514 847
561 414 346
395 127 649
327 27 666
591 149 66
772 607 593
118 368 603
227 452 628
1 318 730
286 196 464
473 394 722
550 198 875
539 612 261
416 630 947
350 219 973
315 161 219
28 240 1000
528 764 204
24 346 708
405 751 140
164 311 293
724 141 534
774 252 724
504 584 909
186 211 466
203 808 141
250 66 890
45 65 922
345 731 225
62 640 14
646 614 232
102 511 558
9 282 624
488 793 35
254 658 925
198 473 536
329 4 382
274 61 866
433 791 750
122 461 313
564 619 548
230 243 368
659 22 219
452 274 796
290 193 990
663 79 909
519 690 710
96 117 103
397 599 885
129 209 699
229 680 592
776 129 319
187 515 802
231 287 483
343 113 427
407 751 837
563 109 529
736 516 80
280 614 528
177 12 985
229 402 113
774 7 742
440 132 690
531 160 388
393 390 989
19 108 859
601 720 353
665 333 183
682 177 645
552 125 701
216 732 900
323 756 639
602 81 248
94 298 605
379 751 714
655 585 118
13 628 990
572 153 703
775 28 926
498 436 188
740 37 56
478 741 809
317 756 737
305 185 979
812 61 841
533 590 343
16 441 421
665 78 624
65 308 973
263 789 12
638 100 968
54 15 593
656 287 810
434 730 899
429 288 80
703 787 587
466 342 584
151 75 373
425 684 153
716 729 167
114 776 879
549 601 60
98 376 732
606 210 593
1 450 837
379 126 463
361 168 726
150 161 912
686 45 454
472 345 227
216 700 320
250 463 33
199 706 543
193 151 84
510 168 927
746 274 62
493 274 526
710 274 832
689 393 735
454 655 39
432 757 724
49 352 917
469 233 591
783 273 788
34 33 749
478 502 636
307 182 347
141 192 730
355 107 610
153 480 48
166 404 104
146 525 445
4 460 273
280 115 178
739 419 229
609 342 119
534 110 673
613 247 102
575 567 534
704 455 976
716 785 947
735 93 789
404 210 578
286 619 445
95 21 547
370 393 540
526 742 737
701 534 923
355 543 850
275 788 858
667 468 51
71 356 357
653 354 215
100 617 862
801 731 831
244 394 302
757 662 404
563 99 4
584 626 19
197 303 996
328 49 143
482 643 490
330 1 294
617 601 133
529 741 835
179 486 153
30 715 878
335 706 862
263 446 816
493 782 830
713 354 588
243 223 110
249 42 514
96 267 781
157 695 195
607 105 230
366 216 352
471 139 784
284 162 641
699 724 191
548 57 695
724 167 802
716 106 34
574 290 801
261 558 765
744 275 803
489 25 49
293 604 663
370 11 95
267 765 897
202 122 754
18 567 440
453 159 736
354 14 458
248 565 917
626 308 681
373 656 761
48 248 506
342 280 898
388 798 931
756 11 353
184 54 83
628 697 808
455 644 794
452 81 986
407 262 255
272 429 632
487 67 359
624 149 353
430 556 900
210 338 321
127 97 453
152 268 882
476 720 536
756 567 717
707 217 309
9 652 186
758 245 73
802 241 850
118 594 484
96 289 329
452 405 605
721 470 78
211 660 452
289 665 54
378 744 353
486 398 976
601 789 719
43 65 350
99 34 718
572 406 668
455 23 405
438 602 517
498 678 687
391 296 62
111 695 60
117 763 770
492 322 259
616 387 894
319 496 350
572 292 273
423 256 600
539 232 946
487 122 881
710 63 549
708 295 596
132 398 960
376 660 966
504 738 685
379 419 812
27 64 552
587 291 238
256 252 239
350 813 20
617 402 43
72 308 257
365 614 1000
425 235 16
435 685 687
390 751 560
717 392 961
110 190 917
784 90 181
66 457 246
65 346 275
242 553 167
171 335 669
677 583 651
744 327 782
458 323 448
814 71 757
159 2 498
610 695 246
780 570 569
609 290 494
171 603 42
313 101 476
767 126 122
387 232 706
558 621 102
623 652 741
202 492 578
175 761 777
758 106 872
348 422 808
556 606 138
541 444 408
436 462 174
121 776 902
251 396 693
95 498 430
711 316 534
86 647 894
388 274 889
118 491 335
10 789 290
430 507 986
357 207 110
186 504 730
771 155 380
270 192 475
587 518 271
743 94 957
144 542 97
199 71 139
11 551 362
183 803 859
667 62 825
596 284 828
380 719 251
175 323 706
803 94 784
317 715 438
350 694 108
337 11 807
94 745 717
638 745 16
657 29 906
512 519 531
61 78 555
647 700 290
702 81 88
787 243 615
129 336 478
269 799 132
150 512 502
670 447 553
26 295 138
281 658 571
481 457 198
328 181 177
475 151 679
46 69 189
116 718 543
417 615 783
369 287 650
208 744 979
761 633 307
322 516 744
218 594 116
92 104 456
312 647 337
677 788 481
498 655 957
11 242 14
130 594 44
216 369 757
622 460 340
514 809 844
51 45 324
197 411 877
449 226 853
688 639 632
380 609 57
368 304 233
343 64 595
364 797 685
723 687 72
781 695 557
195 464 834
743 524 791
386 228 632
296 317 819
58 657 947
596 264 462
465 755 45
203 691 904
381 357 177
100 374 76
774 283 226
636 167 32
58 450 19
381 155 301
139 813 735
15 748 140
35 104 721
538 19 903
337 794 458
462 309 526
131 596 644
203 608 467
139 440 551
103 455 140
200 548 816
219 427 560
766 307 296
265 569 310
448 721 99
701 770 670
767 234 329
104 19 199
520 142 124
347 605 491
586 733 364
451 140 865
7 352 407
221 385 283
6 125 478
592 287 354
683 45 904
538 706 419
403 757 495
813 426 821
324 388 109
607 53 6
656 168 872
142 652 563
434 630 114
383 511 682
720 569 145
753 143 94
169 741 578
92 742 268
16 79 567
700 350 954
276 139 475
536 206 759
263 254 84
381 172 154
703 198 553
97 112 904
206 739 690
545 661 468
668 729 493
303 684 952
643 638 251
667 207 998
478 364 642
763 290 796
101 575 975
233 179 644
208 217 60
540 354 277
302 789 66
357 389 51
560 174 485
353 674 911
119 496 614
453 394 397
270 173 742
487 389 325
241 792 917
618 327 657
628 234 912
508 450 902
442 260 27
463 786 85
332 573 122
626 435 90
505 632 471
148 778 840
585 58 890
211 553 724
326 356 247
128 625 831
235 541 15
391 373 157
250 106 404
117 611 728
313 801 527
430 168 165
570 540 467
462 483 801
370 702 185
170 294 845
112 191 380
273 100 79
128 561 656
255 803 222
509 648 78
577 663 777
134 647 715
128 91 28
587 605 262
486 548 385
366 642 606
653 502 336
535 694 789
55 471 4
247 583 285
554 413 531
39 796 679
480 573 439
74 112 628
519 157 388
293 790 737
97 494 444
615 770 728
299 85 447
396 636 357
247 464 131
91 119 75
623 328 471
551 456 70
616 482 507
334 692 277
197 156 503
368 479 836
443 82 22
663 514 703
658 57 238
104 758 506
97 813 904
782 626 911
53 716 701
609 34 980
315 43 299
131 719 773
542 612 563
424 524 834
389 657 144
65 36 95
723 813 977
370 369 222
403 381 237
334 481 601
637 500 499
131 35 340
803 681 33
452 116 20
768 533 190
682 366 400
13 196 598
345 690 207
383 524 789
655 236 929
560 633 851
126 249 737
442 451 391
588 800 989
550 701 205
200 174 58
422 147 811
293 592 313
289 43 950
679 603 274
285 33 131
410 404 200
630 250 818
788 548 435
150 743 214
352 646 540
393 726 73
725 42 901
522 169 41
637 299 269
683 360 492
451 206 203
723 190 925
259 345 150
738 505 832
503 814 857
682 159 589
210 370 403
427 579 758
159 338 251
282 158 963
20 345 886
536 472 201
24 182 694
536 58 559
88 724 87
271 318 116
250 373 795
302 495 80
96 580 882
752 250 326
573 466 560
391 791 702
717 781 159
815 605 722
345 535 857
73 13 374
249 607 569
769 61 524
364 358 189
451 557 55
677 598 314
739 451 857
623 170 177
209 50 76
604 476 957
246 170 273
264 19 730
669 153 335
536 430 124
698 754 364
652 435 664
338 596 621
536 185 836
695 254 19
53 236 114
494 614 683
663 274 72
143 287 953
431 148 469
557 311 366
428 390 150
746 27 519
84 399 383
243 493 389
687 646 38
365 32 901
456 230 158
273 388 145
88 157 717
83 676 12
329 272 15
458 388 539
260 596 295
811 651 855
773 725 993
226 268 895
694 155 795
367 744 829
9 356 509
337 675 959
732 165 201
195 361 17
312 235 375
685 22 834
774 377 448
483 125 626
531 270 553
410 36 441
479 490 997
428 332 563
589 593 427
60 424 311
649 130 65
637 228 327
40 454 711
507 43 257
495 140 742
89 18 598
86 124 919
800 562 873
508 273 315
738 346 554
424 808 994
165 568 482
736 644 273
241 77 611
346 179 89
261 541 519
467 442 959
138 789 702
125 128 39
39 88 697
533 109 61
589 67 25
117 50 746
263 667 737
156 596 389
331 430 636
474 158 872
348 7 655
188 806 48
391 72 54
602 178 387
352 232 691
160 394 656
693 477 303
448 336 915
752 404 126
133 89 671
27 266 593
259 285 106
709 486 248
793 473 927
806 804 96
146 606 294
719 141 343
209 515 720
289 646 381
357 575 149
222 307 759
680 587 873
529 515 157
647 50 396
155 148 460
644 249 402
84 445 313
638 225 90
799 714 4
380 571 141
277 796 543
706 571 615
610 317 6
190 778 796
427 318 159
236 188 855
808 670 699
547 586 318
642 685 832
165 9 381
411 759 46
87 697 78
317 654 331
212 748 388
181 776 369
59 330 847
281 230 639
579 622 272
49 808 702
523 29 376
614 630 760
403 316 356
307 624 187
181 83 561
246 667 233
141 73 577
631 404 155
469 321 447
641 360 522
514 425 305
785 230 463
769 174 80
305 603 74
603 78 919
408 726 259
289 483 643
743 722 423
756 710 545
274 150 144
223 767 871
552 409 532
502 634 261
23 621 560
365 398 107
6 151 363
610 116 122
813 620 412
639 417 101
779 377 557
150 99 653
699 17 868
378 726 256
647 164 851
43 254 127
115 763 478
440 608 672
563 560 134
383 544 163
301 112 114
535 538 206
384 550 601
707 90 179
793 803 14
753 144 898
642 259 723
541 723 621
337 141 635
93 464 219
444 133 905
444 195 488
185 106 785
138 753 225
456 417 842
155 772 93
567 58 512
501 170 569
403 524 166
674 317 189
369 421 253
77 587 216
505 125 196
562 491 100
667 59 182
688 131 933
76 544 502
216 153 227
689 357 810
160 263 946
422 425 750
382 678 654
81 68 618
344 367 5
185 225 312
76 537 519
520 114 361
553 276 761
665 597 750
548 270 523
281 190 764
508 353 571
155 516 226
569 67 711
468 155 401
668 86 620
673 709 14
5 631 325
588 339 518
46 36 161
68 447 522
708 573 432
631 169 844
278 464 329
617 117 664
468 478 442
110 350 650
402 236 985
417 612 220
97 475 6
530 85 523
78 748 153
724 731 579
519 420 577
387 14 199
559 224 959
125 102 454
137 244 58
190 83 943
713 346 323
555 546 803
260 787 298
634 425 45
640 712 479
34 547 751
537 467 585
330 671 995
173 717 43
223 641 852
102 667 52
537 737 642
735 464 574
647 800 333
631 221 235
502 654 970
660 79 64
767 132 966
778 237 177
377 789 822
438 225 226
31 640 811
525 759 430
347 177 562
286 676 582
314 729 153
706 425 947
805 748 992
757 427 357
790 521 614
745 28 181
390 29 529
774 114 159
193 659 312
265 744 540
540 776 670
623 299 454
658 136 407
533 515 905
687 329 91
722 656 682
563 445 504
127 201 842
381 778 539
348 58 398
84 107 866
399 565 934
86 691 658
379 407 790
42 399 538
60 660 231
550 658 281
204 434 824
301 151 605
199 115 892
28 781 927
747 173 854
444 475 900
796 256 805
272 64 196
361 93 249
63 458 149
463 691 695
635 586 92
267 351 816
662 88 302
433 757 448
648 76 172
543 763 844
159 559 374
597 320 166
523 43 303
104 237 191
571 224 370
39 304 189
462 750 163
33 94 240
643 31 854
267 51 502
584 218 378
16 644 317
66 626 57
725 696 462
653 531 140
658 380 301
400 496 221
690 672 89
730 602 123
292 615 887
610 555 517
786 724 691
709 118 135
19 767 728
239 421 913
622 222 772
807 469 593
590 529 602
237 69 970
31 460 938
629 120 30
378 504 142
269 562 212
651 770 437
103 648 434
591 471 324
524 646 451
72 303 801
661 499 982
113 759 312
400 85 803
212 209 274
588 328 408
713 448 651
565 43 556
526 780 824
531 438 725
60 466 940
208 690 50
2 282 385
741 101 664
157 425 25
645 83 991
750 148 447
168 11 642
616 646 407
106 797 575
34 546 391
71 369 1000
163 579 203
661 812 444
311 633 328
203 226 392
623 677 223
392 651 31
453 497 22
742 522 269
435 65 166
318 511 402
721 15 357
42 186 454
330 360 761
312 253 174
691 225 305
398 216 645
318 513 793
163 220 590
753 541 943
565 182 979
570 486 69
328 660 225
62 456 934
532 395 807
236 744 991
727 700 666
701 492 351
627 724 941
142 518 736
268 586 342
763 500 209
788 429 262
618 548 596
649 39 921
47 602 899
396 157 496
125 208 840
135 343 105
445 453 894
419 92 9
716 190 107
660 533 584
750 396 546
228 295 582
372 629 114
91 256 753
661 98 529
16 698 112
346 21 982
208 147 79
726 678 920
600 748 993
617 629 541
341 229 722
642 383 978
380 749 174
302 296 279
245 200 367
268 258 482
460 455 417
268 60 333
706 292 935
98 69 299
202 132 318
586 504 733
689 652 122
163 307 905
192 665 847
470 532 971
220 349 556
50 353 301
639 454 592
617 473 621
314 417 810
317 490 588
625 60 797
43 29 91
278 167 781
643 330 226
438 800 38
176 30 14
604 445 370
32 4 315
26 582 718
64 112 712
585 227 468
319 397 638
535 455 826
232 803 403
346 531 91
461 439 282
773 669 386
101 461 192
126 200 862
93 620 284
451 61 872
212 305 235
185 425 607
58 33 107
379 367 887
402 290 556
652 720 543
738 368 964
11 780 211
515 311 326
223 149 497
594 346 267
110 40 530
663 524 201
698 340 799
546 153 47
648 687 646
241 267 128
31 226 523
103 148 869
508 377 627
338 533 127
690 445 138
493 257 564
746 494 23
124 3 217
665 313 951
324 312 115
23 532 923
352 766 19
764 787 327
480 552 823
56 460 221
380 323 483
410 279 926
777 761 451
82 63 269
164 722 34
595 741 199
168 405 808
467 522 73
162 638 894
51 129 498
148 160 298
72 455 83
609 778 956
657 279 673
378 169 79
327 367 887
748 275 19
423 406 360
608 306 414
76 317 716
99 324 782
178 762 968
666 808 118
519 600 358
747 526 374
408 61 875
485 18 865
454 586 723
361 3 782
535 580 259
228 366 27
363 683 705
678 695 349
325 794 353
18 231 561
590 172 70
308 151 467
16 240 218
612 485 161
508 502 436
556 666 736
35 487 84
551 216 572
669 250 635
690 613 807
38 498 837
546 366 774
241 198 400
300 724 879
361 483 738
787 86 57
38 220 491
214 810 725
304 448 888
250 800 579
3 12 961
382 548 446
36 726 899
399 440 944
148 362 87
602 248 642
754 271 742
608 700 318
648 527 965
212 235 508
165 497 498
717 204 695
271 52 657
543 342 964
727 555 14
655 517 774
627 385 810
521 391 703
589 448 349
318 658 293
795 37 538
381 456 267
576 135 737
536 638 635
435 341 305
111 183 112
709 274 529
652 295 217
681 253 869
813 156 93
215 576 791
75 791 813
736 388 412
21 520 538
623 59 479
74 178 996
728 354 884
383 502 737
319 86 42
184 636 114
786 565 925
603 427 740
677 364 565
486 610 693
510 103 755
760 121 333
607 200 272
699 377 853
664 7 951
258 209 630
91 337 442
586 651 123
777 10 594
414 464 311
771 120 432
165 260 573
335 329 350
102 170 12
89 665 413
716 760 35
682 97 152
386 293 271
470 553 570
134 393 957
796 126 268
628 679 736
105 645 204
408 324 772
103 310 414
568 469 747
3 765 363
477 22 278
575 481 665
701 812 995
280 736 980
734 247 70
789 186 347
64 312 43
375 468 103
360 238 939
259 85 711
524 10 775
704 678 744
525 232 860
343 602 183
70 350 993
450 471 589
371 636 454
471 151 561
291 522 863
349 182 341
93 810 23
498 201 919
285 615 257
500 627 550
455 810 858
292 662 475
28 332 87
513 106 854
459 330 965
615 714 912
681 257 44
3 83 53
736 123 424
670 623 946
96 26 761
106 15 476
723 66 231
363 324 316
445 471 857
756 746 584
531 489 980
389 453 91
605 271 455
276 110 793
731 208 748
150 758 837
228 276 539
161 271 628
176 802 356
494 411 671
799 21 275
10 38 71
72 599 880
639 376 174
87 433 255
260 597 955
117 467 765
86 109 428
680 289 383
321 582 177
615 599 509
590 272 519
250 421 166
535 399 346
398 491 711
363 659 837
516 99 759
595 193 647
146 135 517
680 390 225
631 264 931
648 473 828
730 344 318
68 491 260
348 813 622
161 269 365
76 601 626
204 801 852
126 443 627
383 330 396
331 119 589
178 629 566
619 286 821
226 232 911
290 93 723
369 740 132
349 178 948
636 642 50
483 295 835
445 492 386
286 150 646
315 323 706
551 726 915
476 712 872
764 76 95
118 698 64
134 477 832
634 25 899
770 161 922
715 689 389
756 348 496
670 538 227
540 549 907
795 558 217
81 492 731
28 82 529
311 461 707
47 344 339
222 502 741
532 698 617
286 378 446
199 636 437
294 196 657
433 552 168
423 699 954
76 362 827
286 142 392
154 637 987
35 581 843
270 618 364
365 807 782
482 761 867
287 351 133
117 569 908
631 774 174
100 187 782
356 507 160
201 664 950
749 116 697
110 714 973
139 626 102
733 114 410
153 79 140
750 504 949
585 256 200
643 77 723
169 665 621
534 785 88
103 104 308
614 120 663
232 681 694
169 263 950
643 141 135
645 358 294
261 533 121
657 754 85
447 774 310
576 669 910
149 574 642
706 106 829
811 538 564
715 163 176
68 511 527
225 123 627
526 322 478
259 35 297
446 437 681
661 605 772
15 289 599
148 132 654
133 676 941
345 269 22
436 181 642
264 721 418
102 745 882
698 388 911
298 486 970
543 436 385
592 611 593
519 799 195
776 462 333
523 238 721
173 94 757
542 258 963
13 567 125
494 431 890
750 353 834
727 495 939
316 606 801
594 738 33
786 259 323
784 597 840
540 324 533
337 121 424
149 366 548
55 625 40
188 701 945
78 280 182
666 241 203
496 762 806
646 32 167
484 94 869
372 165 771
25 460 287
259 148 242
217 699 175
578 587 928
669 590 777
791 322 626
808 46 384
762 535 238
649 452 378
636 776 284
469 471 647
71 127 954
814 40 384
123 740 852
318 306 290
117 31 469
95 246 837
519 712 738
718 334 390
597 108 74
122 768 352
535 384 493
475 440 944
439 692 520
37 407 737
149 695 611
293 124 624
736 759 858
62 528 570
17 413 306
83 226 896
436 777 208
87 486 758
663 383 578
494 763 377
347 294 509
632 617 316
809 730 228
281 785 782
571 290 60
664 515 623
654 484 306
292 136 638
252 661 825
49 68 995
79 469 379
88 764 656
762 458 657
708 230 466
709 119 590
246 556 334
337 271 200
115 109 220
16 242 314
228 196 384
509 401 987
105 373 302
28 743 378
190 252 257
677 14 859
21 770 702
695 596 656
183 508 532
138 140 578
