845 2681
247 740
512 411
107 676
491 190
22 593
116 289
303 822
579 85
55 620
82 625
107 565
793 72
210 310
374 87
802 745
674 786
605 553
42 661
420 155
706 227
834 721
669 600
177 528
287 437
197 130
824 106
554 776
96 416
668 766
560 479
388 753
514 394
697 768
534 551
460 16
501 716
464 536
36 41
492 78
663 587
356 336
714 468
61 144
493 303
455 632
365 535
817 505
194 313
273 497
758 313
463 2
817 586
381 523
165 121
4 632
813 264
170 794
724 165
444 794
584 229
31 223
34 26
592 528
370 537
301 528
30 86
124 405
828 141
152 448
391 84
783 152
327 236
534 396
350 151
635 39
428 223
466 806
717 565
668 805
692 621
813 519
64 88
765 766
88 390
324 303
717 304
129 754
352 710
761 366
348 99
121 450
31 85
507 835
346 719
611 236
189 147
652 781
454 290
681 510
79 580
380 831
200 141
200 578
510 21
684 602
175 198
415 727
383 821
367 144
540 723
504 776
485 688
142 115
146 14
702 470
136 605
121 1
70 753
199 23
419 261
424 259
481 153
178 555
66 415
692 383
584 789
2 662
663 623
722 562
373 268
563 129
358 80
30 838
804 74
509 220
755 540
702 131
443 783
675 690
427 483
819 88
496 192
659 76
684 810
174 433
470 600
281 757
252 461
143 14
803 693
155 110
190 459
725 53
581 811
214 795
128 39
531 336
59 42
286 173
137 242
835 668
454 819
418 304
630 109
27 271
35 351
200 83
92 660
254 703
755 374
423 182
616 283
600 532
397 482
695 159
436 3
75 325
648 32
373 286
636 34
837 111
621 306
783 39
52 2
83 529
139 203
676 485
399 565
643 244
264 242
764 128
737 277
498 291
464 420
46 761
613 402
473 845
731 593
686 457
306 87
141 417
436 185
554 650
187 111
171 489
172 659
394 661
381 771
349 655
558 445
522 374
358 423
178 492
586 497
623 84
401 509
805 748
771 532
818 659
782 14
37 392
132 701
154 315
197 359
4 743
328 191
833 401
223 216
798 25
564 132
711 744
538 468
757 192
186 794
373 215
599 552
290 844
316 647
649 678
674 253
724 650
565 69
804 149
74 544
734 409
312 352
455 680
773 8
68 168
823 759
684 773
496 694
289 751
687 839
209 652
740 474
123 322
36 477
812 533
428 167
375 125
820 673
826 126
724 303
374 480
729 260
348 715
540 796
245 125
138 568
783 615
660 677
331 217
461 267
135 3
104 579
176 389
164 399
312 69
705 562
728 258
213 267
124 269
839 22
591 225
421 393
579 337
796 203
576 326
447 580
55 785
400 252
476 834
663 149
78 718
707 167
174 521
270 427
197 649
754 259
338 315
105 490
620 626
620 170
129 79
212 410
468 12
714 433
773 685
353 783
264 499
726 647
676 117
614 567
643 762
4 509
136 120
468 821
341 33
731 761
733 149
182 133
574 732
156 301
216 576
694 224
380 179
199 393
689 797
600 144
600 709
158 616
12 595
694 147
163 608
58 241
616 112
802 583
120 105
342 313
142 511
181 245
346 737
737 695
497 765
665 312
52 326
389 609
796 50
251 277
605 361
644 110
759 771
6 217
522 526
128 814
658 190
217 278
500 735
241 466
167 814
316 94
62 21
155 216
47 32
451 801
250 643
401 674
595 13
460 24
18 85
785 549
109 514
113 188
80 126
446 811
358 372
473 719
183 379
230 489
765 167
840 66
695 220
610 267
704 689
782 309
558 394
103 347
51 346
363 841
127 593
580 664
706 591
234 297
755 316
6 646
284 553
626 51
311 97
684 765
569 222
633 227
409 438
485 201
705 779
587 235
385 16
59 121
606 36
471 838
220 428
318 442
763 539
323 630
430 190
825 659
259 511
479 344
173 541
30 665
163 430
844 642
485 16
66 85
526 466
453 281
138 16
267 564
466 148
144 602
693 174
158 642
291 780
422 380
81 672
833 571
354 75
673 623
822 583
133 701
254 43
696 273
111 765
172 689
753 174
130 506
690 303
386 726
98 236
795 357
304 440
732 5
440 50
385 268
385 759
153 626
394 623
456 541
219 107
664 321
835 156
227 251
265 282
142 575
713 577
570 631
607 211
807 838
496 200
482 407
84 553
368 151
307 621
732 109
623 494
644 230
740 839
335 45
266 612
121 548
488 684
32 217
822 410
805 498
756 583
831 472
137 785
611 140
534 509
159 17
215 515
753 88
163 617
686 663
658 493
513 803
113 775
226 468
482 586
674 301
233 43
140 593
92 269
682 374
60 761
486 422
125 254
659 231
626 78
259 104
208 246
406 393
687 573
193 807
215 422
783 517
362 611
332 340
392 332
672 654
360 533
471 137
753 554
537 512
332 30
613 123
158 447
802 676
488 292
487 611
697 48
219 193
347 507
111 386
495 116
98 661
615 525
725 642
209 263
272 601
89 283
308 454
590 99
20 434
27 512
103 672
246 100
400 41
662 250
725 484
283 177
196 24
234 672
326 826
561 70
707 483
211 701
415 549
827 685
119 343
321 221
600 651
140 380
73 525
37 196
534 642
223 519
704 761
173 388
621 443
839 260
476 347
35 183
187 223
656 454
825 447
182 482
697 830
130 837
538 236
426 415
634 782
423 83
309 535
196 322
482 697
800 361
124 538
573 551
205 130
457 307
558 453
65 535
501 342
690 184
834 308
474 831
643 114
761 117
567 710
106 649
674 679
697 75
700 208
133 652
688 125
709 563
761 667
417 73
276 561
577 564
463 172
463 283
193 472
229 639
140 782
289 716
821 795
590 818
693 436
422 309
463 93
818 393
819 301
140 669
515 36
736 2
131 344
573 657
840 144
206 543
317 552
690 2
339 208
52 766
643 309
437 772
388 566
812 651
565 658
604 741
186 212
245 546
103 708
491 393
606 656
555 373
188 537
545 319
655 822
102 570
292 559
119 660
262 724
553 439
532 719
717 170
165 637
204 67
408 478
694 477
56 222
808 266
166 416
792 494
546 518
722 659
689 569
616 615
563 429
57 29
357 748
680 51
178 401
327 787
844 273
723 672
5 673
353 576
611 645
374 565
736 789
76 45
297 694
708 109
747 513
70 535
415 663
610 632
497 223
595 126
256 442
688 518
817 467
93 552
87 209
387 385
367 394
431 436
635 4
176 111
234 144
629 536
434 213
668 433
67 471
819 689
371 114
436 640
111 587
590 33
645 346
294 696
133 736
299 335
338 85
234 2
469 430
145 424
283 142
370 578
357 653
126 458
272 53
509 696
76 381
387 177
279 729
605 360
772 36
773 781
685 464
705 79
651 730
512 778
476 83
632 659
725 245
825 306
646 596
497 824
59 529
150 263
226 332
428 93
4 740
492 194
536 19
809 219
166 135
520 770
260 371
227 439
835 564
50 241
87 643
471 78
146 262
275 675
421 534
737 599
832 333
26 316
475 721
822 669
35 125
720 819
59 444
653 567
525 781
485 747
291 714
492 57
614 301
437 584
276 797
411 766
341 428
304 760
653 793
105 3
820 193
140 518
235 317
436 669
272 662
700 815
148 9
223 394
560 121
102 752
834 635
644 294
556 13
43 226
541 533
28 3
393 394
594 593
733 248
662 188
521 499
171 755
246 451
671 747
193 568
160 640
516 452
324 823
763 324
566 364
231 636
566 801
37 584
341 92
179 369
566 623
571 742
7 743
6 550
830 121
548 171
135 799
643 623
818 763
703 85
193 383
215 671
463 299
156 660
747 148
96 30
254 100
607 213
112 653
222 141
99 632
226 336
778 5
495 235
481 808
831 589
794 811
580 758
572 778
30 164
110 342
332 65
153 164
356 258
47 21
656 61
102 617
346 805
425 764
738 473
112 302
500 625
475 834
11 492
179 745
346 155
609 108
38 6
812 396
392 351
321 18
174 428
697 180
19 343
221 36
166 218
777 697
303 578
161 570
656 125
721 223
297 170
81 245
745 587
9 766
781 701
528 495
413 174
451 7
310 277
482 658
357 465
250 253
513 462
785 609
812 557
684 146
693 312
614 685
500 325
541 761
777 711
359 2
514 826
164 615
752 27
510 768
481 144
100 4
780 819
657 735
731 490
732 20
370 373
359 473
100 235
302 683
781 321
805 75
740 528
391 752
732 273
568 737
145 368
720 781
3 549
406 564
91 364
536 68
766 690
404 71
43 84
261 21
467 439
527 270
767 31
590 426
186 507
427 322
114 404
394 537
713 490
740 450
616 176
564 176
620 53
324 668
824 29
75 421
58 503
591 3
701 607
649 553
283 176
637 140
285 23
748 401
783 199
240 696
210 556
749 298
192 404
790 528
807 594
520 20
3 712
411 792
390 695
427 443
49 556
585 133
604 359
269 56
26 356
597 320
227 685
636 599
13 90
568 804
734 747
145 794
92 174
701 600
334 686
818 574
741 549
841 845
843 81
199 576
609 505
807 762
43 511
23 246
172 614
47 522
431 683
225 532
205 95
440 763
684 222
590 815
734 763
140 372
240 259
494 71
223 527
538 713
796 418
781 253
106 166
672 452
844 406
574 123
497 261
812 367
391 474
483 575
16 456
785 223
372 328
564 367
177 219
30 792
824 671
534 154
650 295
136 267
814 530
161 261
549 468
350 766
425 152
139 240
342 386
535 459
791 61
723 398
101 302
636 354
429 156
175 775
398 259
697 661
535 653
795 701
799 359
787 465
259 616
67 573
821 263
345 630
613 124
127 234
845 630
276 569
667 91
372 629
140 774
14 109
135 439
819 80
97 188
41 735
447 353
714 134
364 494
221 680
23 797
372 350
122 610
747 367
149 274
172 328
317 230
262 612
255 531
185 563
402 91
47 775
832 751
784 788
578 646
209 297
676 145
782 401
57 576
408 439
484 319
602 179
124 262
152 498
685 760
314 339
330 245
637 64
486 35
721 538
277 12
134 549
145 823
412 415
812 331
827 82
439 445
833 580
407 835
377 379
35 733
417 266
146 840
735 32
499 383
761 16
563 774
655 355
289 816
181 322
536 367
241 479
520 62
441 672
207 360
161 254
167 629
721 425
598 474
821 387
70 99
474 30
421 667
633 578
80 462
99 122
606 542
355 196
356 222
327 93
600 688
309 192
555 549
537 50
95 819
68 633
385 350
103 666
433 695
238 391
19 635
389 399
543 215
528 751
344 459
660 14
594 173
479 701
135 97
67 138
590 446
431 32
17 436
381 203
491 663
184 792
794 839
465 685
737 519
765 165
105 620
713 474
199 270
644 425
366 208
20 387
707 673
465 129
191 378
657 117
208 80
145 409
807 273
183 172
204 247
600 446
322 358
840 365
181 443
610 62
477 117
760 761
690 70
568 382
517 797
330 329
117 340
338 172
564 739
198 703
155 389
110 824
627 133
700 341
737 453
294 25
724 776
631 464
449 64
512 101
750 701
26 183
428 409
195 446
237 732
291 777
476 283
665 642
408 619
45 213
817 132
805 453
450 347
275 688
203 447
564 746
266 446
432 698
434 73
159 825
789 492
445 721
814 586
752 799
385 125
419 359
296 436
631 757
781 627
125 399
289 62
143 378
347 727
793 720
97 227
392 748
68 420
399 828
274 189
21 421
119 582
407 70
780 750
262 516
75 645
464 738
687 394
11 288
415 376
183 716
516 738
791 440
832 194
321 346
430 528
89 735
168 202
497 180
758 270
150 403
173 764
664 431
642 774
641 448
664 799
58 50
443 65
759 144
318 736
282 449
636 16
468 63
730 406
344 197
411 26
494 474
116 38
281 578
798 57
123 60
107 816
182 217
257 579
539 494
171 584
578 8
651 322
559 597
342 770
681 484
457 607
791 716
207 517
469 620
299 499
46 54
161 569
399 770
510 206
228 720
173 209
265 432
812 132
103 607
409 400
135 149
598 408
763 782
452 47
834 354
19 238
314 543
686 661
56 68
1 2
220 289
664 290
385 711
620 561
533 627
427 332
525 437
194 113
160 193
496 8
550 584
666 125
596 660
525 262
85 820
239 77
309 683
718 346
240 366
352 349
332 342
371 158
194 765
655 386
306 130
142 243
809 297
143 244
450 79
162 581
293 840
114 621
429 89
160 216
346 194
738 483
390 332
391 29
166 125
205 323
39 780
558 441
652 812
673 271
472 515
306 710
78 98
61 421
355 261
301 502
146 366
430 671
632 542
622 518
455 294
459 156
63 652
600 653
416 388
589 319
274 833
521 551
207 763
173 823
819 432
514 478
555 256
504 150
87 167
625 15
239 758
505 819
274 626
598 655
697 674
128 144
147 428
98 677
467 453
211 565
590 115
314 576
409 538
202 598
386 68
117 46
194 710
393 14
805 160
485 811
539 634
117 809
664 660
720 529
467 647
160 568
213 324
343 642
73 490
298 151
48 216
66 155
636 614
514 29
1 515
400 741
2 252
828 176
422 252
814 824
193 591
91 741
419 464
421 631
685 512
779 48
561 98
643 768
89 130
681 748
480 822
484 4
728 92
363 444
623 426
648 595
262 246
246 491
564 4
144 583
514 439
128 315
675 630
647 684
494 834
274 788
41 108
457 767
389 680
513 354
198 40
788 515
820 297
314 451
833 721
261 344
176 598
598 457
91 193
182 129
330 822
792 543
670 352
301 781
502 461
547 640
697 598
681 316
310 558
298 533
297 555
173 573
808 50
76 610
776 130
261 304
195 52
473 109
52 812
510 639
369 727
11 524
247 530
776 600
181 26
589 173
777 502
656 283
782 698
783 296
695 513
608 425
111 334
775 34
466 397
340 217
730 417
471 43
695 694
293 775
669 810
51 594
162 212
425 829
321 137
605 580
643 740
698 460
165 360
438 158
648 782
280 221
115 610
312 238
720 283
42 315
776 487
116 584
693 106
48 83
302 450
176 429
412 262
568 468
608 123
174 173
535 257
683 79
80 152
300 694
135 265
801 707
731 148
14 325
660 152
330 720
628 351
276 161
723 453
501 393
193 435
112 754
333 353
208 651
1 597
819 272
345 696
166 276
460 100
486 277
617 319
382 614
182 323
183 485
647 397
602 617
274 115
458 276
259 774
441 111
589 189
157 123
233 186
656 582
326 554
716 769
398 741
241 417
89 194
838 825
378 62
217 244
624 14
797 753
641 109
609 657
300 676
711 796
214 284
326 80
419 728
595 28
790 541
245 32
211 240
232 598
674 94
820 481
624 674
641 324
734 40
715 256
114 539
700 436
424 806
740 280
302 802
820 400
327 128
481 251
100 526
767 205
345 238
550 557
514 163
222 562
198 445
471 444
109 601
829 842
666 137
154 488
211 249
433 151
52 293
588 439
720 690
276 516
82 451
301 408
358 284
842 714
490 467
272 631
517 691
78 175
134 470
377 597
397 640
74 424
682 299
191 400
638 381
624 577
328 232
695 169
546 39
838 612
395 394
452 73
589 568
660 600
661 769
813 741
124 134
730 638
379 75
605 664
548 760
664 469
595 703
136 355
428 748
108 666
492 684
610 298
102 18
134 23
532 466
379 354
827 608
613 229
578 9
373 699
525 356
322 331
715 311
236 799
475 241
593 716
831 628
264 336
747 429
159 646
94 565
298 38
444 803
174 219
195 690
840 104
569 686
420 533
93 580
60 620
445 166
249 80
600 808
578 574
143 291
678 289
184 741
77 389
817 337
225 370
526 687
524 145
749 628
418 590
787 683
169 634
318 512
210 377
729 504
438 755
76 594
37 543
138 125
363 754
180 720
238 458
292 809
130 156
477 371
243 368
769 294
536 471
784 272
770 681
57 101
376 460
258 619
335 511
579 40
106 289
383 209
248 253
193 345
655 244
778 826
484 117
504 470
69 311
487 735
610 125
277 407
560 484
82 15
672 845
786 602
656 496
537 65
538 810
580 724
819 149
140 53
414 570
138 280
733 307
559 223
614 136
28 277
74 503
554 480
117 632
542 140
816 555
232 536
547 790
270 467
751 725
130 468
404 683
277 419
117 36
210 211
217 556
691 310
409 21
219 163
457 634
591 187
831 616
101 752
362 236
753 287
443 702
239 456
28 364
765 656
574 597
296 641
610 843
254 65
396 95
198 386
346 689
628 552
147 832
167 118
459 569
228 555
193 629
599 414
142 656
402 270
494 728
425 508
94 600
542 401
147 734
842 221
238 168
20 475
189 365
262 365
841 184
474 56
420 92
82 581
35 808
384 106
41 479
795 703
669 154
303 630
769 121
741 365
110 643
521 236
334 459
818 300
527 2
583 161
215 566
629 483
521 125
206 762
669 226
446 766
29 398
214 540
22 569
595 646
317 115
264 353
581 273
697 655
724 516
642 439
706 152
462 770
121 278
197 740
757 519
44 711
140 831
751 745
350 633
358 610
154 50
782 688
507 78
102 311
394 1
362 669
310 288
688 426
798 675
772 1
753 735
202 47
348 143
631 794
634 42
414 429
774 6
464 552
11 502
694 809
41 50
385 669
758 778
27 258
814 701
194 7
31 230
15 600
664 283
791 296
470 701
252 352
201 344
735 373
609 427
367 657
741 489
229 266
639 292
179 391
189 284
728 246
4 58
577 339
133 346
89 438
742 744
20 279
701 135
150 56
722 601
98 786
585 694
501 269
466 481
82 766
697 450
700 304
611 247
211 333
64 711
799 556
502 420
732 142
237 744
346 615
720 718
347 706
459 377
508 349
147 731
81 706
517 774
631 526
156 795
654 579
318 86
188 590
456 669
299 235
120 444
138 39
53 830
702 112
43 238
83 311
236 162
163 729
170 304
338 718
322 42
213 22
571 772
754 434
476 141
21 401
21 588
631 519
742 197
154 626
112 744
361 768
342 152
486 407
489 191
624 25
694 604
705 239
691 710
360 97
753 632
572 821
829 364
649 222
464 463
687 169
819 170
659 683
566 693
145 111
324 301
388 789
572 417
511 119
521 543
478 729
28 339
819 72
359 387
500 676
568 526
592 233
384 476
800 561
450 246
766 31
554 61
153 823
523 295
191 584
485 5
56 485
400 291
200 576
311 194
96 364
646 163
313 706
723 313
65 838
345 515
622 663
677 508
738 477
612 28
172 283
361 470
821 381
489 764
72 340
614 194
683 372
403 822
624 721
470 244
540 124
60 445
777 840
122 553
771 656
198 642
129 295
826 816
459 825
483 549
335 524
675 163
749 344
130 789
455 717
565 100
595 69
480 625
778 757
213 432
415 788
489 741
46 382
601 274
703 752
252 92
328 329
392 668
319 291
690 693
30 146
819 372
675 219
319 76
203 785
420 489
62 489
282 470
798 151
339 155
250 578
820 285
565 734
346 811
76 427
280 224
599 260
131 417
146 697
439 829
556 569
408 143
637 769
606 4
491 722
317 92
104 66
50 377
748 301
694 172
667 817
779 731
581 790
285 804
396 220
750 40
220 722
794 609
291 623
65 218
835 490
661 255
259 253
597 300
743 317
544 675
232 15
181 90
741 178
135 434
313 152
270 687
608 767
810 578
279 25
10 543
173 193
837 106
515 791
716 455
740 461
101 788
338 454
40 31
489 728
287 533
291 836
114 640
761 254
619 677
748 540
158 841
306 708
91 656
828 577
760 450
633 495
83 544
209 813
801 126
200 754
145 69
219 218
438 706
42 394
586 293
182 711
364 222
386 261
88 267
7 111
553 52
57 5
688 161
300 82
429 732
331 127
568 609
585 28
433 576
168 740
354 125
431 227
402 423
281 436
661 657
567 466
788 841
761 740
407 279
86 197
99 635
786 336
146 669
255 13
607 312
497 684
539 453
502 510
34 381
146 249
240 681
599 660
782 417
290 66
615 748
480 119
414 104
140 366
531 125
37 242
524 17
234 189
714 802
307 340
825 348
646 402
43 36
278 664
262 838
343 482
309 233
475 289
702 445
647 356
441 735
691 622
357 445
215 779
521 600
332 8
466 375
600 787
74 112
165 775
421 749
772 750
151 468
122 171
513 170
668 484
185 444
354 6
677 726
240 566
167 830
832 624
170 628
335 338
301 105
309 473
19 617
74 686
600 79
768 405
776 507
429 294
603 122
514 339
733 349
652 616
117 770
477 837
689 677
210 470
487 312
747 243
460 351
198 495
421 68
668 542
206 709
692 574
785 372
283 28
28 646
674 794
570 430
806 263
644 584
611 96
666 419
423 390
501 541
158 764
677 570
678 845
109 627
610 527
294 527
278 128
137 378
284 767
833 716
324 744
91 239
492 199
152 636
293 434
765 58
116 157
110 834
25 272
722 598
285 265
127 314
827 720
402 509
104 728
721 278
649 497
797 366
14 278
328 643
646 125
316 458
45 644
372 596
156 547
309 746
644 195
537 399
811 239
353 766
815 751
248 351
101 263
417 726
326 715
333 165
279 835
654 15
511 565
276 59
464 837
203 534
669 471
279 207
670 30
766 18
841 358
714 252
805 328
734 678
202 613
784 30
273 56
518 566
189 441
509 306
551 111
703 176
232 158
394 718
17 822
489 836
426 226
164 537
380 688
454 668
736 36
348 809
702 513
646 725
723 728
410 132
801 394
126 370
608 439
79 151
282 769
101 203
263 300
106 443
269 5
87 770
18 186
164 301
3 444
209 557
83 138
671 320
123 35
639 330
622 406
91 90
74 62
493 290
207 254
82 50
281 742
428 70
91 203
166 625
173 640
265 717
51 220
434 825
40 843
111 373
697 114
13 541
379 510
19 289
76 438
226 253
689 755
707 614
395 616
81 791
531 452
385 552
370 38
482 88
763 8
212 175
696 569
440 531
754 790
243 70
600 208
592 271
370 690
482 334
815 624
397 66
517 530
538 758
462 209
282 130
670 444
838 407
752 399
732 288
642 239
839 821
330 182
60 115
484 70
668 133
193 406
393 340
825 568
112 791
485 54
765 281
408 443
532 539
538 149
192 559
690 504
484 783
103 141
437 671
20 425
777 82
15 844
841 512
642 230
399 152
628 387
495 729
149 449
636 776
91 222
607 803
294 794
373 366
230 297
267 305
323 483
198 326
163 480
366 729
189 811
300 754
615 357
139 379
626 75
366 310
611 591
813 556
228 307
321 698
654 356
363 35
571 518
147 376
739 137
135 28
820 462
695 467
44 355
140 499
801 431
142 812
399 797
257 649
76 587
55 59
646 140
170 93
544 119
780 104
566 98
725 137
419 192
554 816
789 636
612 740
169 470
8 415
357 820
749 480
362 449
469 619
626 776
473 616
611 379
597 308
580 284
429 173
690 793
173 385
50 623
45 319
117 804
557 455
816 186
474 528
213 743
604 614
475 119
479 519
617 623
356 367
265 611
768 615
732 808
536 440
679 528
685 158
831 323
814 265
306 32
298 360
793 530
649 131
243 804
46 230
232 425
322 790
324 89
520 319
53 555
792 192
3 676
715 210
409 765
526 561
52 757
143 734
755 593
457 182
354 141
646 821
116 842
319 842
768 488
806 687
623 751
75 781
224 699
706 745
338 2
731 838
276 197
220 559
804 124
229 88
395 787
307 8
772 521
402 268
332 635
134 47
545 401
46 525
175 1
340 810
514 246
273 249
437 774
224 659
637 433
468 695
117 631
269 536
584 78
471 572
681 744
519 813
101 473
364 348
789 146
662 128
223 385
301 166
762 782
675 23
271 63
628 672
739 639
59 810
794 254
45 840
797 67
765 132
195 753
507 598
238 746
643 752
616 470
634 797
67 545
487 185
274 19
149 56
350 371
64 8
373 50
230 741
415 317
804 233
19 285
24 283
150 784
173 379
193 581
636 751
128 201
474 176
6 677
830 667
119 222
121 171
266 75
489 386
843 642
476 534
538 703
210 582
802 248
401 260
44 165
666 757
6 8
744 279
45 99
123 505
471 201
715 352
8 591
366 26
477 109
576 351
777 831
762 784
163 652
609 281
40 439
596 415
430 347
17 634
248 360
291 563
567 671
822 653
783 459
482 667
388 13
30 389
158 222
306 255
74 797
440 618
535 466
66 735
787 379
719 230
593 515
756 383
831 439
464 822
323 529
468 17
267 723
345 151
382 635
82 100
156 201
345 800
622 507
161 293
436 828
701 419
507 380
341 692
375 825
