1000 9904
388 846
376 760
11 605
591 730
833 450
149 487
66 467
285 883
927 676
380 311
40 682
510 982
868 204
597 394
544 266
485 668
288 72
626 394
826 568
544 377
123 396
184 376
972 241
39 650
118 129
212 334
322 410
255 360
146 204
184 487
259 503
78 967
320 231
830 911
970 353
933 123
455 747
100 746
321 707
16 383
119 275
808 235
420 17
439 279
424 212
61 257
491 172
787 651
224 353
371 498
121 223
583 269
636 723
697 890
2 64
365 796
168 360
940 766
26 74
580 533
685 459
433 68
822 766
514 167
988 274
906 525
687 384
340 541
987 712
515 275
383 601
888 21
979 958
232 601
840 612
769 140
382 259
58 445
684 281
48 123
102 898
950 124
954 115
768 339
205 395
278 569
138 68
450 466
569 664
423 814
455 167
149 324
336 469
581 705
332 644
381 315
458 840
612 681
842 259
982 635
603 38
772 569
685 564
393 76
217 784
604 900
143 56
458 554
26 822
426 12
670 299
449 421
32 395
260 124
142 960
311 987
593 742
647 521
959 779
142 115
293 461
497 354
942 986
815 328
946 553
32 105
551 457
473 201
922 526
578 188
305 512
655 362
696 175
92 968
18 999
353 284
795 165
409 482
411 188
486 720
801 628
711 9
406 625
737 630
536 711
95 356
279 125
652 505
389 749
515 947
44 649
619 775
446 865
107 43
582 383
439 488
611 875
206 397
832 76
540 437
668 190
174 111
88 492
914 606
168 324
206 316
978 301
211 705
154 155
966 266
110 728
571 326
457 874
97 467
196 385
803 187
490 226
291 495
422 967
650 554
707 535
266 211
323 798
552 264
171 722
978 222
621 854
620 687
702 789
147 413
510 451
805 80
135 452
780 959
254 778
681 838
962 413
335 653
403 229
902 300
425 952
769 857
95 742
522 36
775 410
389 107
503 93
87 258
402 998
285 294
159 774
164 700
660 793
539 600
811 479
189 351
209 513
337 596
29 310
178 976
652 808
981 84
711 207
999 592
302 256
450 527
198 177
491 441
863 161
595 175
482 156
304 740
305 648
202 15
224 459
939 750
566 899
435 447
813 686
72 638
454 376
535 33
352 478
775 630
778 130
641 777
840 611
931 780
608 655
515 77
849 747
595 507
577 644
430 864
953 693
224 119
600 466
323 877
162 309
628 480
332 741
850 102
375 641
175 773
74 13
149 154
833 953
577 855
29 692
196 155
380 872
949 134
475 68
422 589
818 995
264 635
228 820
746 201
343 197
381 370
627 70
440 284
358 518
815 863
156 424
394 373
877 754
793 572
327 721
309 70
76 343
648 592
793 393
498 129
975 945
546 83
307 605
604 989
590 280
994 929
207 956
850 573
432 750
670 96
609 802
630 756
29 361
56 57
26 657
298 154
9 965
174 521
213 109
826 660
494 638
303 92
307 25
881 140
866 312
832 456
709 926
726 788
363 222
184 443
253 739
922 971
262 772
734 114
154 398
506 557
448 239
179 881
953 902
24 942
889 84
525 30
400 913
516 487
482 629
84 801
735 726
838 254
897 712
659 382
480 30
45 970
105 272
452 988
127 722
20 760
628 341
738 405
854 787
987 510
988 45
606 644
331 683
188 549
965 299
455 190
811 957
824 576
457 749
9 468
427 965
870 363
894 381
259 796
367 231
488 68
548 586
218 117
574 718
976 169
669 202
780 677
929 101
551 234
935 11
133 29
264 964
268 820
621 354
945 923
570 992
817 825
621 499
416 126
753 187
346 755
497 325
380 578
565 220
550 128
313 603
633 590
226 908
227 445
818 712
196 820
86 352
290 893
938 817
278 438
423 699
905 392
100 516
307 137
75 846
882 594
325 778
588 640
409 295
338 391
600 78
331 63
127 3
793 713
921 444
351 587
541 647
525 2
638 405
46 324
757 41
888 312
173 232
466 114
274 877
760 370
596 143
528 8
738 441
352 228
651 338
128 821
76 731
180 918
996 516
362 852
626 521
699 191
478 902
779 71
368 56
450 467
824 604
417 154
698 125
71 12
266 714
335 680
157 216
224 635
668 708
579 419
66 274
516 817
839 81
180 286
521 873
988 629
256 294
599 645
316 750
501 678
601 520
324 605
143 59
91 890
7 615
244 362
155 729
7 600
934 365
908 561
907 935
513 620
274 88
238 985
352 792
920 538
706 119
814 887
619 587
76 245
89 408
826 831
41 29
978 998
964 978
839 215
142 317
744 562
308 557
917 889
649 712
178 113
474 476
127 86
934 952
978 520
5 924
850 2
376 330
286 731
325 127
715 299
738 136
559 394
153 539
988 320
58 653
168 325
336 999
633 23
463 406
31 178
306 495
127 773
274 849
922 229
887 783
671 994
128 492
92 83
132 938
472 619
102 988
99 806
371 13
966 580
168 641
548 428
277 634
223 542
150 640
944 177
963 111
11 330
989 671
388 880
979 272
191 77
379 229
803 583
74 799
833 536
320 757
228 454
601 612
618 714
342 90
553 905
716 371
542 307
781 681
69 855
659 245
185 382
497 444
338 888
320 403
946 635
195 565
179 344
142 76
631 102
354 142
669 837
506 53
490 990
284 29
181 539
536 518
740 302
212 391
714 961
972 701
223 180
238 727
520 26
340 35
948 418
273 158
662 720
905 593
861 130
152 347
473 631
259 236
264 516
121 37
230 321
66 766
286 567
514 330
914 560
662 818
866 857
693 920
951 383
491 772
996 879
101 589
248 15
840 499
966 375
849 635
707 613
304 176
68 169
515 70
409 766
976 642
372 295
500 796
671 87
547 93
21 110
24 446
263 225
177 352
695 226
216 472
629 618
217 897
146 512
149 887
186 257
1000 398
447 122
584 436
512 433
396 804
806 567
953 225
391 611
569 433
879 212
458 528
904 394
924 981
540 723
582 909
124 961
769 544
55 775
318 827
762 565
63 264
774 576
80 320
597 357
869 704
891 8
892 295
565 199
198 496
643 517
75 71
493 812
848 837
646 392
136 449
264 150
818 549
123 339
398 833
905 403
464 973
999 631
602 751
731 897
861 626
420 872
921 645
27 6
568 320
821 688
658 583
679 566
993 299
921 566
616 622
619 817
593 834
762 734
999 170
585 882
731 754
4 93
351 743
453 434
766 258
533 611
699 327
537 352
754 934
689 877
546 750
747 179
16 209
326 562
943 705
585 61
949 516
399 615
918 769
279 729
564 877
883 232
575 642
582 402
309 278
189 992
872 702
618 78
176 245
74 281
304 46
346 269
932 564
2 593
721 847
228 809
814 560
86 731
34 126
347 237
599 764
276 167
78 367
595 579
981 614
138 128
820 932
551 788
272 838
6 395
687 809
447 239
216 591
87 340
817 205
515 661
363 625
234 779
467 687
527 509
126 976
312 832
648 826
367 666
79 754
36 527
18 110
661 744
635 43
515 699
678 37
455 340
208 543
672 398
126 541
844 644
113 406
900 374
465 877
925 965
468 144
770 902
53 826
148 790
331 424
60 106
945 436
613 374
107 65
399 903
571 606
454 310
577 289
619 170
199 518
829 94
232 701
643 348
605 228
36 161
747 752
978 470
634 660
746 842
582 220
441 448
793 923
352 229
188 603
449 861
67 666
414 397
1 56
443 399
506 777
50 551
931 178
728 84
195 143
760 645
438 305
811 809
741 440
941 678
564 615
363 942
47 737
86 854
353 254
436 897
175 262
997 906
588 259
660 912
826 504
498 857
853 313
925 500
104 224
341 253
473 45
330 622
612 24
14 188
713 923
976 323
479 400
61 517
400 399
155 576
822 925
148 980
717 549
956 867
26 488
580 951
852 828
106 570
889 544
749 340
622 674
54 417
936 271
421 329
633 843
729 216
363 54
89 626
554 981
205 775
421 730
743 267
636 697
984 394
72 580
771 108
577 269
344 920
127 951
573 313
187 482
426 854
644 172
339 159
755 743
628 287
499 421
177 409
434 520
589 596
419 164
453 167
814 799
908 352
128 786
367 459
413 984
525 745
158 978
324 510
552 665
493 481
699 218
968 592
96 838
279 886
963 193
182 320
720 442
298 864
206 873
983 310
998 453
357 451
747 711
381 477
168 270
683 351
756 703
189 522
283 1000
285 23
346 999
995 430
812 264
741 190
438 211
356 156
928 501
694 748
75 380
388 151
941 829
132 670
506 451
288 114
401 181
826 766
671 677
276 659
981 977
759 44
248 886
708 766
964 768
895 572
471 980
840 293
212 384
602 264
658 102
307 428
643 454
495 872
23 440
356 495
544 129
563 159
306 76
623 739
2 373
849 958
810 460
105 681
781 253
753 654
628 558
165 872
24 852
633 976
665 804
376 359
340 258
649 111
921 379
712 592
729 470
711 360
537 651
421 976
153 146
262 476
373 503
858 841
236 820
257 252
478 658
233 237
272 415
382 462
757 258
382 721
427 829
444 757
488 829
764 339
860 13
680 443
423 265
997 868
979 745
86 589
744 853
879 384
590 973
112 956
594 496
940 4
837 668
531 545
200 303
163 933
517 542
558 290
66 296
416 263
736 734
440 397
459 347
901 256
461 265
44 935
584 260
161 53
238 197
170 173
691 965
413 343
967 912
915 13
493 9
919 749
846 567
318 204
450 988
361 829
803 832
184 240
687 742
502 1000
401 145
240 135
354 147
156 925
484 562
583 998
307 27
491 278
406 349
152 876
355 295
490 578
45 326
862 186
956 811
889 376
44 822
804 759
383 98
13 210
973 980
244 996
154 396
728 41
411 279
714 801
883 711
277 450
922 905
979 216
248 334
799 461
691 204
625 624
398 642
390 803
154 174
541 850
267 325
782 548
788 929
535 180
758 935
27 581
488 635
919 444
788 528
242 566
900 870
480 399
98 562
526 84
844 761
428 103
11 969
551 723
6 844
55 305
519 390
8 800
975 704
98 788
101 211
600 718
413 247
710 631
453 726
789 908
388 555
812 484
779 170
452 402
366 184
133 889
500 364
337 982
449 700
622 361
289 43
254 621
96 539
53 39
319 114
800 665
85 385
780 679
68 721
643 821
593 438
226 569
206 579
651 722
33 159
696 969
200 696
372 926
601 972
217 987
91 574
717 990
807 153
139 944
47 795
657 947
142 5
271 419
807 813
296 341
79 618
143 239
251 293
804 565
507 927
74 342
327 136
644 94
424 441
43 593
852 793
549 967
399 902
862 33
899 57
922 890
390 956
818 955
219 650
888 715
889 118
706 580
267 272
819 287
387 678
631 514
463 444
102 212
656 192
841 68
491 975
883 449
561 325
283 987
710 806
720 802
940 799
499 121
542 639
800 830
689 106
803 510
13 741
898 470
538 881
889 547
176 146
285 272
451 24
396 911
879 440
438 310
116 916
390 181
963 117
453 859
384 389
872 441
360 109
789 642
324 967
422 6
119 277
446 127
13 648
87 379
697 35
683 16
521 333
171 196
464 330
835 365
48 521
724 785
381 651
293 377
228 258
13 618
473 93
740 421
374 239
377 697
138 761
527 65
964 813
805 367
74 763
91 651
960 712
909 257
316 131
959 635
490 666
550 396
933 28
737 651
365 586
355 460
196 968
540 841
922 316
22 196
559 39
463 114
671 569
74 191
81 649
525 36
709 263
838 181
805 820
554 756
922 112
802 538
451 440
822 729
441 275
236 622
334 487
46 283
28 866
452 22
880 601
756 196
166 976
153 471
673 664
712 866
932 367
555 732
663 743
25 141
176 47
422 548
530 233
953 346
664 227
849 217
97 821
673 875
67 36
219 130
716 655
746 488
938 401
195 325
834 734
746 498
512 70
860 622
740 148
557 458
402 997
494 263
368 119
489 901
143 398
316 978
201 659
209 518
651 619
319 713
213 86
346 681
666 840
556 548
857 35
839 407
531 158
557 910
616 342
31 719
424 265
161 965
113 460
815 79
835 645
912 486
452 551
435 275
239 793
222 201
904 778
870 597
248 452
728 78
446 945
93 164
879 673
994 145
156 638
585 852
932 207
736 472
786 452
671 674
486 940
529 432
314 789
852 277
713 441
611 614
371 205
334 451
262 364
528 82
822 340
916 122
477 457
335 991
582 436
72 61
970 602
337 207
675 227
417 215
271 756
510 482
873 62
926 48
342 299
569 725
102 683
567 343
494 193
190 222
191 99
11 505
342 501
993 727
723 848
199 293
327 496
812 636
816 583
857 285
565 84
289 473
311 796
446 273
127 61
123 484
491 376
682 35
96 956
83 594
45 799
304 933
377 369
550 234
808 469
274 305
184 94
544 63
286 996
912 435
105 947
830 981
559 249
210 827
691 49
677 708
183 661
391 274
832 233
967 609
302 253
953 907
491 196
917 544
666 352
102 350
818 103
946 48
625 631
336 786
961 597
675 323
210 244
334 263
251 954
41 535
885 190
7 382
799 226
366 637
242 567
265 106
791 414
280 872
907 133
139 31
608 908
780 796
747 467
654 829
162 455
941 982
295 353
760 314
894 273
452 268
146 979
533 37
238 277
167 811
225 670
274 894
696 637
437 97
792 16
629 765
423 18
816 950
929 137
164 898
592 845
310 896
674 191
898 907
142 889
15 501
664 505
938 248
795 657
777 190
996 54
411 936
599 336
674 814
587 723
289 372
402 45
5 80
812 608
264 86
393 310
967 772
750 236
863 439
62 146
601 892
207 716
990 701
904 21
411 39
840 915
434 252
397 456
517 471
5 643
342 588
606 265
802 914
628 833
402 497
889 283
959 727
819 64
793 605
575 903
814 325
173 451
836 645
822 976
435 504
454 308
476 276
598 447
150 93
118 833
619 172
512 866
486 997
509 348
18 579
495 921
649 739
546 641
230 414
875 983
457 882
633 233
205 677
833 995
306 552
770 379
257 84
242 682
258 647
522 456
486 282
138 497
51 944
103 475
585 424
474 297
772 880
153 276
780 919
450 302
305 497
55 645
612 710
998 479
701 359
129 956
100 385
333 141
983 478
324 713
276 820
7 964
397 552
924 394
143 4
769 765
238 130
574 888
151 537
851 809
963 803
88 743
285 851
18 174
493 976
294 3
740 471
62 63
483 70
873 562
911 944
824 10
492 136
455 20
921 944
501 374
411 914
947 836
469 136
400 385
843 951
511 781
244 648
498 648
30 870
691 331
307 82
545 914
875 375
912 507
36 771
734 446
455 715
648 389
446 922
74 45
921 671
941 261
649 573
671 568
807 351
699 995
558 874
221 280
517 347
417 654
240 539
719 691
211 997
712 645
914 749
771 780
538 1
870 687
622 385
641 264
974 180
63 639
275 309
305 307
551 666
120 798
979 719
447 365
747 411
875 622
996 394
284 542
160 532
148 61
99 521
81 118
209 185
447 67
341 972
452 491
780 373
424 792
96 597
168 930
981 540
751 41
492 447
220 974
938 289
223 313
425 498
173 294
149 647
368 708
935 204
740 100
228 336
748 543
967 831
493 335
679 203
627 682
976 402
427 458
1000 280
85 154
216 295
469 59
844 409
368 418
222 285
204 824
589 926
88 993
674 568
8 660
271 410
238 619
386 688
170 267
479 263
601 37
556 899
79 722
316 160
227 327
688 979
805 844
643 345
718 831
594 761
995 842
183 801
684 778
459 569
117 45
279 242
306 172
554 582
205 954
996 923
818 211
547 403
676 245
455 866
409 62
326 981
510 182
427 686
283 898
233 211
550 964
853 797
698 222
868 514
903 125
195 184
267 231
149 857
143 95
615 388
49 506
746 309
214 487
551 924
75 317
648 709
637 61
177 583
694 940
567 342
345 201
668 527
462 608
247 282
623 111
691 304
252 483
274 253
402 966
664 269
333 606
520 332
612 210
995 170
189 383
856 676
325 623
679 380
592 174
9 858
269 152
400 457
772 49
423 659
230 951
50 265
378 906
450 623
787 916
764 647
536 660
870 743
134 989
106 624
362 390
412 390
350 383
614 664
726 522
263 13
22 141
944 579
400 917
993 10
615 919
83 126
546 890
838 242
242 617
168 256
103 208
36 287
383 672
633 189
906 741
263 32
525 333
582 262
231 876
215 363
343 278
589 538
339 439
984 815
405 552
772 812
333 62
280 182
858 367
769 892
534 694
350 707
480 973
579 459
526 710
821 394
343 400
989 708
705 609
320 641
15 665
263 629
806 417
557 529
234 886
989 998
591 854
977 934
857 376
91 560
702 112
699 223
817 910
503 295
821 846
878 273
807 815
757 576
448 38
258 539
133 332
209 734
411 38
984 228
892 437
402 632
187 543
353 267
886 159
778 898
191 683
648 874
127 297
493 559
313 825
10 911
616 574
523 986
529 409
251 724
164 180
738 113
889 395
562 291
818 953
875 168
639 211
362 269
126 482
697 780
370 816
667 164
439 530
173 339
233 504
602 915
913 804
843 423
991 615
32 748
417 594
657 935
491 961
534 167
439 161
25 405
245 754
291 922
89 798
148 341
242 600
150 303
867 779
724 896
104 521
943 742
470 584
181 395
680 486
422 943
349 709
25 183
443 384
708 260
181 316
399 501
148 171
91 772
827 658
185 170
67 175
169 285
465 234
138 208
271 860
733 513
733 975
114 211
702 464
511 225
345 477
648 620
151 683
116 692
209 382
29 11
191 948
52 220
972 989
323 378
134 462
707 408
599 158
899 714
954 547
959 822
872 232
873 561
892 251
749 158
661 664
835 397
472 517
217 166
18 81
289 209
517 441
674 644
549 872
18 519
776 204
762 957
339 868
47 31
216 25
605 513
291 969
511 98
312 556
300 649
484 911
966 210
71 506
183 732
222 866
465 991
248 281
690 144
818 93
654 271
343 922
110 899
257 971
735 672
81 828
410 155
361 687
557 681
193 650
50 789
632 850
59 33
645 874
775 815
667 942
785 607
628 393
791 449
165 887
281 136
413 923
52 157
805 741
183 305
647 134
763 643
621 849
845 777
918 959
560 135
936 882
30 47
967 762
380 944
220 681
21 296
209 184
987 73
43 49
320 605
161 46
949 61
933 664
755 322
415 13
665 622
351 375
391 179
670 249
17 559
414 571
239 457
411 851
32 428
765 662
325 761
184 215
694 631
591 782
497 432
816 556
798 748
218 506
169 150
801 99
118 339
607 580
908 703
526 250
912 570
18 949
353 450
65 502
321 876
970 339
402 423
62 389
264 476
528 633
191 739
396 201
455 686
98 489
45 686
646 463
728 80
675 587
912 375
71 478
364 356
192 157
67 795
429 641
559 426
818 208
507 983
710 66
145 634
24 629
666 44
797 838
192 721
27 634
624 414
339 546
63 525
727 634
548 159
715 902
737 194
735 229
337 188
48 169
638 2
788 349
236 882
534 329
651 239
30 248
417 213
309 431
216 188
870 320
708 123
693 457
948 738
186 269
828 844
360 24
696 722
897 333
42 332
209 309
835 9
926 208
161 458
745 238
275 62
1000 262
636 491
998 710
506 256
713 886
454 392
630 713
423 991
175 995
337 538
658 276
796 394
614 841
702 36
575 318
243 769
283 150
604 236
643 406
891 874
588 778
202 221
240 920
331 307
978 938
476 485
541 440
2 592
931 608
752 3
308 993
922 869
446 851
897 545
257 898
358 698
250 419
362 185
10 103
240 725
813 286
67 900
675 325
589 823
515 172
917 256
98 606
427 636
362 396
710 825
659 953
405 77
577 532
392 868
33 630
486 168
1 208
384 216
439 866
542 913
230 173
318 276
175 804
287 830
568 724
718 246
498 365
171 273
651 11
710 618
894 279
331 335
958 560
225 668
587 870
732 325
879 22
86 846
837 526
256 351
117 876
236 97
837 927
916 354
898 821
441 838
418 541
262 692
912 981
668 570
768 297
952 438
630 725
446 416
470 314
436 382
754 209
139 949
801 256
967 151
643 613
40 974
147 882
313 606
978 876
911 892
515 703
4 184
486 558
730 440
588 814
58 801
730 968
917 635
444 22
653 870
654 129
322 694
369 445
737 733
98 401
406 94
616 590
226 542
891 596
620 110
444 372
527 595
896 707
73 70
572 120
828 466
361 979
215 677
845 689
106 41
993 247
978 101
266 825
840 158
438 491
172 67
488 888
620 577
629 957
615 382
319 141
12 619
400 798
347 92
129 769
516 939
521 519
759 915
46 958
859 57
732 297
223 438
808 742
801 249
755 361
83 568
299 511
102 535
910 685
432 732
990 639
778 355
674 816
342 162
716 475
238 883
539 626
422 74
617 426
156 34
947 729
568 162
87 602
293 503
100 967
69 656
394 842
911 803
808 512
346 579
350 139
597 351
762 843
212 360
606 344
921 720
939 619
230 636
835 682
415 730
435 312
835 827
322 666
92 740
443 882
460 812
407 791
67 830
178 509
551 386
127 34
831 928
316 339
638 442
213 725
966 509
129 304
449 807
849 641
222 925
225 175
135 894
407 757
926 543
802 537
451 445
732 858
898 228
628 283
423 527
594 855
63 914
380 636
484 50
552 383
393 610
901 852
745 338
266 221
379 700
823 83
571 58
590 842
737 278
295 346
126 872
140 581
971 865
419 390
239 9
519 459
116 836
615 354
907 429
237 984
57 402
367 181
266 398
131 348
699 956
367 794
917 765
267 552
217 709
968 907
697 211
879 191
350 555
479 845
281 884
198 751
513 673
937 621
540 670
66 21
520 338
667 655
830 115
208 814
264 16
321 65
29 304
615 333
593 669
799 913
86 306
351 202
463 908
299 935
672 91
726 770
437 829
873 89
813 902
596 490
541 439
595 661
602 647
495 652
755 145
957 423
316 17
931 724
434 996
821 712
663 245
294 632
796 922
410 77
8 955
213 632
476 222
791 145
598 645
458 103
272 245
874 328
323 706
328 172
993 206
889 781
491 537
862 568
258 730
650 712
827 67
177 266
859 722
220 360
292 557
993 936
832 618
29 654
423 153
825 727
163 984
113 613
238 149
684 217
856 19
158 93
876 946
237 956
584 440
369 332
172 809
212 782
907 294
531 659
541 534
464 503
561 991
591 988
855 213
769 650
293 732
685 630
602 180
820 227
1000 227
574 822
96 849
43 826
47 376
64 48
635 726
508 848
325 621
715 221
203 1
117 715
525 893
92 799
353 493
943 426
235 769
926 943
791 870
316 70
173 587
670 801
231 341
986 762
805 6
455 653
648 351
425 842
615 691
818 915
510 813
642 357
636 462
386 39
259 207
886 450
634 411
637 968
399 991
473 711
224 203
174 169
620 809
236 546
679 992
129 489
628 339
485 529
978 126
672 769
305 232
15 909
616 871
443 358
610 971
146 959
970 637
989 399
96 322
478 940
592 546
418 616
195 39
107 851
402 759
116 547
138 141
513 975
626 848
7 989
800 669
794 84
640 502
824 275
879 247
720 164
792 305
170 141
613 935
172 563
839 343
854 435
423 962
386 268
523 528
34 575
623 355
56 475
511 645
277 957
425 234
728 461
928 31
144 526
808 549
743 687
579 918
545 794
861 544
40 862
972 383
39 528
105 716
230 593
130 371
478 131
745 936
343 771
566 978
18 668
240 788
3 112
61 282
28 453
50 13
776 415
407 867
211 98
893 578
969 434
19 875
296 804
81 562
857 581
396 327
774 628
358 49
54 798
310 436
78 834
898 297
7 40
1 51
383 983
208 473
707 945
689 110
358 275
395 487
215 254
346 379
163 771
720 580
42 592
918 913
353 625
673 978
787 15
55 646
81 15
727 240
18 921
416 468
180 373
972 761
829 832
168 969
479 987
212 838
473 278
552 879
986 900
590 299
35 683
375 139
693 34
324 603
40 766
458 597
77 829
260 483
302 674
527 431
877 982
130 787
485 697
678 920
166 76
316 953
360 557
550 166
751 547
557 934
466 950
430 288
839 60
730 539
74 374
789 84
937 204
960 379
210 630
174 805
285 660
786 475
202 18
796 768
479 609
732 646
913 996
877 427
925 853
515 969
18 531
883 643
743 151
946 204
140 2
785 543
566 208
453 197
582 162
714 506
911 574
666 121
500 919
525 258
563 755
16 798
206 881
771 926
757 297
814 800
374 875
310 3
849 307
410 605
177 382
694 165
72 404
146 903
555 609
457 734
59 894
120 384
896 155
695 261
272 741
94 864
573 873
613 140
924 553
993 696
104 916
926 107
565 809
632 360
470 167
953 207
111 179
703 927
685 640
778 34
546 70
270 382
556 883
471 696
844 182
901 457
464 298
48 553
751 865
330 655
38 212
701 396
687 713
890 455
247 198
473 189
338 773
178 858
948 138
735 194
946 856
448 508
486 612
967 495
19 487
972 391
166 330
390 862
778 407
563 226
141 8
624 980
677 86
494 159
329 312
546 964
204 616
978 599
339 33
374 280
434 997
423 161
878 920
46 238
66 760
491 877
266 518
611 908
633 68
631 593
747 67
608 646
148 553
535 175
991 953
685 382
552 461
497 714
386 277
633 166
106 110
508 462
607 766
422 922
461 960
634 568
815 629
49 198
12 462
641 410
56 678
25 877
733 455
910 814
380 871
38 677
239 44
196 269
868 668
210 482
983 189
887 871
894 731
732 274
492 527
45 279
385 535
498 184
618 665
211 805
930 454
643 988
626 188
977 814
371 555
229 905
878 30
990 564
385 817
65 773
801 137
434 498
252 365
786 851
91 553
351 11
49 777
527 20
70 673
805 338
950 901
42 142
29 388
13 831
288 258
363 326
235 241
576 597
949 352
840 970
527 810
711 57
677 249
861 588
130 364
960 419
10 918
598 341
175 140
452 519
821 698
383 105
993 301
443 844
586 436
658 873
844 636
757 173
634 408
563 924
73 168
918 864
225 101
783 393
266 545
984 758
508 524
714 419
805 968
93 934
264 227
202 750
496 783
64 707
393 563
713 250
187 429
333 217
353 763
361 16
715 821
555 536
292 578
646 881
382 713
978 161
651 13
33 443
656 677
395 331
916 159
138 846
474 115
475 982
773 814
336 112
12 679
292 404
228 53
670 164
708 895
51 532
642 669
310 567
459 203
995 493
263 647
837 814
548 855
392 111
303 283
217 990
644 293
901 146
903 805
929 713
895 610
416 996
861 654
412 695
463 982
231 589
835 547
585 724
485 870
142 185
292 749
75 246
402 346
131 168
278 329
649 811
490 675
36 747
956 964
994 115
151 390
482 863
959 723
88 250
677 110
262 259
491 256
785 197
839 782
255 199
75 933
999 196
875 58
771 729
641 518
201 31
206 296
629 676
249 779
638 495
253 851
658 623
791 329
776 766
906 565
466 252
672 959
766 435
760 232
337 361
484 488
690 303
345 870
841 937
751 426
552 276
201 458
33 484
444 698
432 146
935 736
719 825
81 253
937 964
901 673
115 426
379 285
320 962
162 253
134 163
849 122
1000 243
532 114
419 859
578 752
261 36
198 641
554 377
800 578
332 173
481 915
816 692
820 440
368 299
169 814
96 794
833 343
816 515
365 659
569 205
255 726
551 485
355 132
448 354
798 518
407 764
182 983
753 41
666 992
619 576
937 533
530 51
108 459
40 827
481 351
923 96
669 668
265 590
325 838
532 660
40 202
826 937
847 705
939 762
914 436
866 989
976 88
201 938
196 748
166 664
368 702
966 499
495 953
940 730
633 24
192 338
945 180
641 659
453 341
131 721
807 22
512 218
728 691
276 289
495 159
741 659
978 71
561 501
634 549
853 639
638 229
750 931
396 586
589 479
183 306
522 488
453 536
962 610
814 515
727 294
86 682
267 844
2 531
3 854
142 539
414 796
716 644
789 816
349 889
354 581
393 7
582 777
159 744
458 743
411 679
985 718
548 792
19 42
688 395
52 34
199 205
40 618
48 953
89 35
311 676
57 957
70 394
736 913
679 146
403 534
813 883
668 26
191 671
710 389
730 463
986 629
113 455
894 839
120 549
691 472
106 536
771 400
80 679
598 38
810 601
418 929
505 335
861 186
866 848
741 836
740 873
870 936
897 740
845 742
429 447
289 596
519 762
962 821
449 878
402 205
310 166
609 412
148 264
367 388
349 665
177 264
90 539
474 378
861 382
893 986
627 161
719 753
45 418
512 281
751 192
163 939
738 973
726 390
690 936
765 484
955 564
265 232
963 961
419 787
204 491
740 181
159 861
473 510
184 7
531 255
590 403
99 404
317 309
483 53
506 382
53 363
99 485
602 468
455 472
830 252
783 302
147 712
810 136
922 590
76 619
912 424
431 128
434 164
832 383
705 231
528 600
819 107
947 94
396 232
568 297
201 768
648 321
558 964
411 493
782 780
508 815
658 870
184 673
258 120
867 420
926 955
598 564
306 332
89 612
454 348
352 498
171 854
101 973
40 177
837 149
340 659
13 339
931 976
932 127
326 922
168 260
352 795
306 430
36 283
276 362
372 147
85 998
451 260
733 230
805 553
989 284
404 150
543 101
176 29
736 37
6 21
132 760
703 611
775 22
524 278
963 270
962 503
676 681
219 14
924 739
814 571
582 695
90 785
885 82
717 404
479 993
393 974
547 813
316 706
423 158
800 671
963 957
303 452
547 698
255 991
200 559
402 919
976 48
575 232
975 770
963 842
739 787
830 446
281 931
624 593
130 956
116 634
612 242
214 166
762 707
265 375
854 147
13 977
27 801
679 284
334 823
602 347
142 190
643 503
290 885
627 900
150 969
652 639
437 883
210 547
162 862
474 188
443 875
80 879
905 658
300 929
966 5
469 563
606 44
573 189
996 968
353 90
418 667
980 161
598 592
468 381
272 160
465 657
248 223
890 516
755 264
435 669
119 905
894 197
70 507
96 2
956 504
120 136
104 525
290 190
935 530
953 970
335 914
623 129
505 835
695 178
328 964
896 794
45 345
431 960
603 275
905 914
738 770
405 945
584 100
640 182
539 952
811 191
834 756
730 773
180 486
851 999
548 864
851 703
981 756
801 86
660 927
816 693
360 881
210 791
130 199
878 326
627 578
942 900
959 899
470 457
53 468
888 817
283 83
964 954
415 566
731 593
532 550
593 592
361 439
226 27
451 866
550 390
808 289
778 821
586 378
329 147
314 537
386 122
313 970
27 884
176 522
874 433
701 780
334 719
598 636
708 656
525 107
396 406
624 231
664 702
40 983
704 143
689 861
447 549
529 820
745 454
924 615
746 937
196 394
146 169
241 807
538 957
690 720
803 57
366 937
885 403
559 982
764 580
720 65
91 661
257 292
629 926
675 9
262 55
803 273
253 442
751 175
233 822
897 357
989 663
67 929
901 277
208 116
840 237
51 734
181 943
453 970
96 729
833 528
176 219
925 32
654 960
891 247
51 508
549 768
530 90
683 131
199 907
72 40
114 695
721 485
914 100
878 717
48 448
282 970
361 819
322 475
752 140
571 832
773 688
944 894
448 109
123 685
217 416
952 941
594 754
579 654
563 21
782 817
813 677
120 772
729 430
287 258
324 370
135 272
115 523
888 265
140 32
676 242
399 885
326 959
720 962
166 788
563 672
837 65
250 621
968 304
328 175
962 818
983 1000
199 759
839 644
861 460
31 444
987 282
915 745
552 749
457 623
495 35
674 193
875 577
676 720
879 393
348 455
167 829
777 601
138 5
216 861
94 834
811 886
3 949
480 550
582 731
234 637
18 746
195 458
699 989
479 797
623 106
698 287
761 929
502 705
716 728
655 175
365 55
204 123
332 384
13 603
783 602
865 828
442 999
222 831
273 591
706 4
468 823
144 549
17 297
736 975
517 108
756 862
174 641
66 790
711 170
144 948
622 771
803 629
330 899
494 758
830 844
173 567
977 231
308 638
614 770
425 830
796 219
84 229
946 200
486 657
307 318
291 901
952 585
754 621
921 574
776 279
634 55
690 197
178 49
553 75
455 543
983 329
121 201
781 107
895 29
946 779
832 909
395 129
844 860
41 537
997 606
300 770
211 425
818 323
129 494
292 878
774 542
944 309
211 278
193 999
323 816
551 712
328 90
243 105
172 91
638 604
908 295
180 638
475 10
42 635
722 9
577 778
910 776
12 579
608 224
556 128
742 863
870 768
33 453
161 136
275 384
170 22
146 751
932 786
76 364
829 938
208 60
934 764
307 896
660 900
20 283
976 424
303 436
843 675
40 660
937 426
220 802
247 27
621 490
63 332
899 610
738 398
441 548
939 357
668 189
904 250
821 841
625 120
364 996
311 751
408 950
173 650
132 514
17 422
734 309
997 489
679 492
493 665
476 842
848 936
5 653
249 205
583 80
491 591
326 59
623 691
419 186
265 929
782 894
811 748
507 754
792 910
316 468
335 424
227 531
945 428
835 976
554 904
226 457
600 198
823 308
760 268
581 226
943 911
571 308
754 962
629 246
619 448
547 319
952 23
469 901
914 786
495 209
381 126
21 61
427 890
451 112
147 395
973 550
116 876
764 912
881 596
219 109
935 371
224 645
778 186
1 434
428 503
447 85
713 583
811 592
419 716
595 615
105 279
432 577
967 563
682 929
422 364
685 554
815 655
48 689
674 221
161 502
100 627
367 992
942 774
959 172
483 255
364 810
103 486
726 24
284 107
640 755
916 608
403 655
332 351
208 725
373 645
943 265
881 242
41 507
739 236
631 10
400 278
53 580
516 108
634 141
725 50
770 690
126 990
937 66
666 640
580 974
249 90
967 298
374 674
946 99
31 903
567 625
932 210
761 351
148 673
849 884
331 733
540 399
671 695
982 796
824 532
664 703
457 135
998 298
561 265
979 6
373 283
84 866
124 919
197 205
733 11
689 602
22 424
171 558
689 173
270 539
457 993
491 26
315 380
98 868
724 528
640 129
451 108
254 867
99 958
874 524
224 617
465 184
945 886
360 402
270 547
855 105
555 499
93 592
955 445
831 326
893 137
539 903
508 116
722 499
794 996
872 412
731 67
380 147
255 769
769 674
886 410
739 588
351 370
777 879
55 826
21 902
243 522
872 186
673 63
527 396
198 626
518 321
890 309
830 322
123 334
929 759
243 420
326 353
218 630
574 203
100 630
766 851
805 413
40 793
157 886
921 688
499 988
151 255
944 895
355 384
504 966
835 650
965 975
301 319
193 478
487 20
55 47
735 882
443 914
649 579
174 38
13 695
624 181
754 808
244 174
343 554
70 294
236 570
365 986
520 607
941 145
338 102
328 208
55 182
242 522
135 239
712 822
876 633
608 999
92 8
24 280
816 212
233 102
271 588
145 742
280 49
628 721
413 235
437 229
609 380
58 234
955 360
501 978
55 715
665 307
704 711
462 763
525 999
489 703
293 631
243 456
760 734
623 117
163 651
264 978
372 787
927 693
111 438
169 987
631 319
522 849
890 631
337 541
484 760
360 842
696 932
53 361
956 622
502 992
360 985
808 589
881 41
75 126
661 731
352 985
223 78
504 516
545 882
631 213
282 815
965 554
245 688
238 760
791 866
776 137
886 36
101 980
429 989
31 569
70 977
532 846
476 408
710 858
577 963
562 313
58 488
619 808
710 129
987 780
453 120
793 763
847 296
830 574
139 473
393 392
624 209
75 523
633 101
575 846
322 992
70 258
879 1000
185 724
681 703
188 985
887 857
676 102
895 370
6 949
542 931
12 286
675 422
380 672
533 844
384 221
662 160
224 924
400 497
474 664
529 541
495 70
760 941
506 877
552 601
793 337
85 695
824 569
492 735
842 782
536 493
849 26
977 109
784 332
138 137
80 104
722 443
851 677
526 635
472 962
379 557
685 598
561 584
158 494
821 182
445 442
164 879
720 55
47 946
798 670
470 319
259 706
578 60
963 618
924 502
164 589
735 246
903 938
80 436
152 801
338 712
943 485
322 401
877 161
435 178
256 783
956 848
919 348
647 845
778 908
248 586
731 996
383 185
10 905
282 178
377 112
144 117
876 110
39 882
499 517
830 587
743 626
569 112
70 76
326 218
827 963
166 627
371 511
425 571
632 245
782 665
676 164
664 676
222 938
120 607
101 571
961 522
986 387
586 137
182 340
419 34
19 988
87 986
81 583
339 379
747 150
175 737
589 679
720 794
866 632
120 138
342 344
180 940
551 751
770 370
591 222
498 315
315 339
98 833
551 636
428 353
370 208
722 381
794 542
228 246
817 407
142 514
271 858
283 497
134 166
391 525
855 40
488 426
90 98
315 799
635 898
105 423
603 160
855 26
687 576
68 588
555 82
96 797
795 995
706 218
630 83
571 617
982 119
142 126
41 361
668 130
877 665
259 320
877 244
489 616
972 264
114 736
740 316
62 256
924 427
943 505
549 786
397 485
435 142
474 220
166 290
585 582
438 610
330 43
373 87
987 967
617 42
888 640
469 725
771 87
644 751
629 439
41 950
139 481
340 358
384 492
996 893
410 276
383 657
370 560
421 948
286 370
641 257
913 548
97 345
261 560
121 595
512 530
452 173
118 715
684 496
595 183
633 488
372 324
836 203
995 291
158 987
395 263
567 421
58 215
223 755
849 320
741 370
778 204
580 48
9 282
7 771
465 200
854 674
349 310
543 738
711 636
949 7
753 398
864 609
434 679
582 927
159 890
661 484
366 346
60 641
497 473
740 99
762 551
126 902
472 809
627 691
868 143
815 384
960 521
127 733
815 369
84 493
835 623
160 437
456 844
473 818
443 582
531 433
775 637
445 428
377 462
52 754
182 801
863 170
755 643
169 442
196 509
631 926
265 429
134 1000
526 30
766 931
828 194
634 17
839 834
518 797
52 250
64 546
966 67
741 833
211 309
979 180
600 191
675 687
845 739
844 826
943 582
894 176
931 902
556 489
914 12
283 700
234 167
291 436
555 675
591 225
738 631
585 491
375 666
858 624
713 339
417 382
590 939
202 936
775 47
188 651
981 121
506 546
560 236
72 436
591 263
684 107
116 933
436 812
773 427
849 61
190 375
103 766
489 702
91 158
399 201
536 1
310 956
968 940
728 307
151 745
869 276
655 169
541 82
100 166
687 971
545 74
345 57
825 263
646 503
170 436
137 514
981 908
910 392
458 331
477 701
114 729
846 734
80 457
78 836
194 321
657 863
481 299
743 535
155 86
728 276
674 710
71 154
148 917
740 603
559 129
505 14
899 196
83 297
947 208
452 658
394 250
805 146
439 436
222 828
813 647
282 113
63 872
692 516
605 357
479 295
469 917
991 520
226 402
474 904
408 310
31 124
948 972
516 520
21 182
684 666
370 237
465 340
598 900
729 731
491 760
117 442
832 732
263 174
240 896
175 802
239 223
497 980
995 334
760 942
906 974
358 763
208 181
437 248
920 222
719 726
189 871
427 62
836 402
191 52
954 837
792 24
224 618
756 301
798 82
690 843
436 951
73 859
627 476
977 253
906 179
322 42
87 366
717 243
111 356
501 632
356 349
726 570
752 522
394 307
475 633
460 243
179 365
768 478
18 213
301 340
62 154
855 587
679 281
661 766
883 697
902 760
890 362
502 124
407 854
74 351
626 352
312 680
122 67
360 724
967 435
438 647
575 574
912 294
236 462
701 116
282 34
672 358
676 342
605 472
219 645
257 992
597 820
177 137
875 62
913 797
202 300
168 340
22 19
528 500
654 596
503 902
184 926
774 617
480 808
600 486
68 324
605 107
879 636
41 981
667 584
417 437
91 282
78 970
147 397
635 84
270 223
276 111
133 674
315 707
915 912
901 685
974 493
746 372
274 190
859 63
492 572
113 689
976 241
722 269
9 334
191 82
798 78
746 391
423 191
401 421
632 593
920 757
104 234
964 624
893 663
881 406
682 193
241 55
744 922
997 456
622 991
234 996
878 325
221 990
573 458
520 267
259 289
501 382
856 355
248 793
549 785
398 775
592 508
386 855
434 527
832 267
615 528
787 981
352 736
979 445
257 14
72 767
463 572
770 864
350 318
860 780
461 612
633 947
838 459
447 977
693 905
486 953
56 452
232 643
728 776
784 106
23 606
82 125
227 892
358 470
991 870
300 91
909 559
427 78
306 708
76 754
975 274
318 563
234 354
850 920
523 2
911 427
417 179
290 419
241 407
651 934
501 224
452 467
738 916
800 619
48 704
357 346
858 209
864 610
613 105
373 784
454 639
76 5
798 836
604 531
75 455
506 179
321 91
292 663
894 892
611 358
834 155
533 14
87 741
844 480
243 987
799 812
69 527
87 858
861 611
682 342
743 579
579 738
876 32
714 839
697 627
899 235
645 499
500 316
178 8
107 114
187 314
212 223
288 679
30 8
736 465
787 719
420 428
115 524
478 638
789 954
671 661
606 890
332 827
443 114
327 574
871 82
766 380
223 931
701 527
685 138
871 163
12 372
965 170
720 739
936 928
849 385
206 6
484 428
176 117
250 842
876 650
733 783
120 306
180 532
148 106
429 768
101 54
674 462
807 366
850 16
246 908
617 40
310 966
124 488
514 422
901 374
670 77
637 166
674 144
808 898
26 963
191 251
267 731
125 611
753 314
846 573
133 190
134 393
342 236
517 216
848 161
26 741
796 385
670 510
749 95
416 989
539 417
317 19
853 65
951 852
551 318
320 232
420 399
196 875
109 994
166 363
35 572
394 491
829 154
575 618
573 250
993 401
244 797
840 572
433 250
362 160
71 584
168 377
832 736
408 392
904 525
371 377
434 740
681 701
262 438
602 508
909 917
569 828
201 320
220 204
385 25
225 997
353 653
561 416
390 266
159 219
932 345
556 349
104 676
175 813
668 498
384 78
2 693
607 463
505 788
738 298
726 501
101 42
711 801
663 45
90 797
989 683
208 160
685 690
337 972
927 629
967 584
806 590
60 581
838 831
551 158
347 388
251 63
445 815
857 471
711 468
198 553
20 405
8 501
781 742
673 485
342 776
32 494
240 334
442 902
668 184
329 520
934 95
493 773
773 979
832 433
429 541
302 469
549 390
195 903
400 301
626 353
682 415
558 522
886 151
43 587
640 935
104 545
469 920
705 199
672 264
911 539
2 307
576 852
21 613
26 189
870 522
597 834
340 477
72 595
633 918
460 918
124 369
119 760
876 270
777 431
331 643
372 120
762 357
693 805
490 96
348 70
331 784
266 198
233 258
492 47
276 266
896 45
82 488
361 102
16 896
898 317
393 659
408 49
965 499
452 218
493 498
189 793
146 556
642 937
77 68
205 467
435 82
447 86
837 602
877 541
971 600
419 753
95 608
408 11
650 127
379 213
937 745
223 460
770 630
9 222
428 528
178 767
103 918
917 773
312 9
118 429
134 454
853 107
471 515
240 283
241 54
139 886
833 298
796 346
105 711
513 632
19 243
313 530
759 93
52 873
18 73
471 865
130 527
406 672
632 927
465 253
28 146
322 499
752 356
308 642
862 233
536 677
852 839
445 503
710 301
268 272
287 500
144 782
397 116
951 525
348 742
113 431
970 145
247 572
783 512
531 475
808 180
790 356
115 642
813 701
448 803
536 763
552 185
974 624
847 482
775 513
23 252
598 624
361 663
18 863
608 752
236 721
883 566
314 775
177 742
696 626
392 457
729 624
262 672
862 692
519 653
996 718
499 430
358 471
771 900
775 948
339 390
909 558
578 877
785 881
916 237
55 371
974 95
123 526
233 937
989 610
773 437
208 217
564 553
544 899
765 475
238 69
761 221
295 6
102 532
622 303
15 391
935 199
648 927
920 676
118 393
191 343
284 475
32 420
217 1000
477 102
977 998
961 505
568 69
308 320
401 162
311 675
208 692
911 780
610 947
596 386
984 164
257 668
700 672
151 248
725 211
486 745
567 688
968 981
26 322
174 954
321 646
267 271
35 400
809 249
204 337
751 701
153 238
127 860
720 966
420 316
978 258
119 988
616 939
899 450
366 623
513 676
128 858
515 342
20 856
993 816
810 902
560 893
746 24
747 481
145 813
186 51
797 529
45 268
599 157
11 132
975 82
323 118
654 990
896 206
142 708
314 351
252 167
381 261
772 960
848 358
315 635
483 461
781 910
618 368
581 652
506 566
327 708
152 268
628 265
658 298
855 210
119 93
862 741
310 557
703 14
712 467
950 637
630 705
351 432
517 229
122 984
375 510
749 205
17 668
256 536
6 467
543 887
602 465
531 87
715 210
146 75
672 297
256 695
241 793
539 416
846 732
152 968
101 191
584 971
454 149
517 505
768 416
795 203
647 874
728 278
257 760
790 450
465 893
246 154
583 249
197 334
930 566
889 502
62 568
420 114
405 258
466 496
586 1
415 441
336 780
170 808
945 358
448 922
770 75
828 437
477 257
153 123
407 570
148 311
395 18
209 655
132 967
22 343
978 121
580 453
837 434
968 447
16 860
54 932
367 423
387 967
413 859
713 333
93 755
880 324
618 434
238 291
846 162
793 342
209 111
216 829
638 768
876 909
458 838
834 749
51 749
858 231
367 859
5 164
6 391
138 775
178 728
214 250
859 243
77 213
920 877
226 716
670 703
123 188
985 265
488 205
257 699
384 570
614 4
536 602
622 961
792 470
890 505
532 408
994 299
80 439
317 54
501 265
562 742
710 439
964 835
126 702
990 967
30 852
415 750
451 893
667 401
83 342
728 97
895 894
496 357
120 721
157 980
891 620
876 248
948 541
291 818
439 410
408 630
76 424
618 456
291 131
864 335
121 346
641 649
453 379
457 888
941 214
742 386
598 934
413 81
8 888
618 7
105 104
747 425
140 601
953 474
827 497
967 306
668 827
120 363
11 204
747 582
368 869
883 6
756 312
600 711
599 962
603 391
640 139
162 195
807 305
129 906
102 617
377 211
198 872
591 543
170 217
467 889
750 294
221 826
227 153
725 762
707 387
124 247
385 883
317 376
781 521
826 750
477 626
332 347
226 818
655 385
182 937
455 415
458 129
938 887
813 777
152 768
155 99
527 251
820 375
36 678
268 273
417 969
288 447
353 109
112 147
934 858
919 210
100 700
247 575
654 357
982 566
966 203
168 20
101 890
762 164
286 708
705 427
572 107
616 801
68 388
50 187
182 388
231 969
741 464
384 378
330 490
541 896
232 532
918 124
257 29
266 197
225 171
358 423
305 297
345 836
54 108
730 593
802 866
37 963
985 901
625 759
719 648
794 625
246 934
82 703
465 205
582 752
699 948
276 867
629 699
462 530
663 634
780 659
911 331
215 878
842 980
990 756
315 828
726 350
105 384
603 129
248 932
100 141
941 817
781 732
749 232
677 539
53 273
754 190
151 932
388 42
105 674
199 88
386 620
863 497
213 111
136 466
530 254
70 719
937 128
847 909
744 662
675 788
69 525
967 484
678 153
476 513
445 282
231 297
658 237
917 928
408 174
813 527
727 969
884 676
991 640
905 685
377 158
770 395
680 107
662 975
19 827
277 291
740 791
580 716
682 57
468 434
253 932
418 731
365 982
168 302
520 579
483 931
875 905
736 66
167 581
41 689
650 609
428 119
31 42
845 962
504 356
659 642
396 612
662 267
332 618
370 309
760 917
564 781
837 767
626 578
128 121
203 671
756 449
910 796
640 196
876 938
664 809
418 353
592 860
440 409
60 834
794 964
946 863
111 698
693 242
180 475
94 609
4 649
446 34
964 571
696 825
623 230
492 292
511 536
590 405
778 291
86 602
768 501
367 661
423 935
118 261
35 883
87 538
52 704
277 786
28 295
26 530
134 681
670 527
433 572
251 277
496 412
464 954
467 365
88 118
820 303
15 689
465 64
40 249
135 762
942 766
193 269
641 785
336 505
718 865
351 564
184 605
762 109
252 136
254 257
352 281
500 129
887 567
966 418
568 525
163 467
652 149
137 259
624 292
932 101
236 538
384 435
404 958
685 347
500 935
869 948
8 582
804 191
370 631
97 277
25 48
813 55
410 506
858 672
675 426
548 164
261 629
64 585
358 367
305 369
253 27
375 419
857 797
371 976
353 621
899 61
585 266
932 569
94 912
367 243
578 965
337 945
401 617
30 108
693 308
642 381
518 193
627 29
538 515
712 243
261 184
253 599
358 984
623 36
38 986
754 239
742 946
47 600
894 585
697 19
769 750
293 760
150 935
635 875
194 111
837 791
170 4
764 444
782 263
776 506
937 318
369 172
360 569
640 667
156 794
173 645
778 569
691 376
621 7
978 689
400 303
810 342
602 724
450 585
617 157
286 862
231 717
948 623
398 299
84 117
514 404
596 8
563 961
309 953
990 626
980 286
965 78
511 436
558 55
562 138
67 760
908 369
582 344
548 216
182 74
111 848
718 168
243 72
872 632
104 642
72 96
812 671
440 644
883 152
977 419
355 531
572 548
404 406
656 535
738 911
815 805
411 547
599 946
688 426
878 255
310 635
316 764
855 149
603 164
236 611
345 340
570 807
517 892
317 365
432 676
329 712
934 415
494 486
82 796
122 785
599 257
730 208
821 775
414 743
327 66
111 700
973 588
948 190
644 151
147 665
574 208
23 314
687 787
255 545
729 9
507 951
33 603
202 139
783 95
144 768
184 513
204 636
478 359
317 827
47 151
491 232
192 139
598 519
729 340
952 757
923 308
77 520
67 950
987 761
594 957
867 627
762 391
413 591
180 878
288 892
883 425
280 828
427 703
33 580
340 576
289 562
770 419
93 792
962 859
682 500
289 675
626 716
435 925
167 646
210 359
357 20
984 834
756 494
258 529
225 610
671 135
245 530
822 17
993 922
814 629
638 857
654 118
604 857
306 948
989 657
66 328
587 950
180 448
733 748
238 58
129 518
630 840
556 875
812 765
915 540
427 281
377 918
229 925
694 761
170 77
544 722
536 593
161 262
724 571
406 917
644 341
477 548
351 31
318 172
98 94
757 669
95 26
498 592
212 294
85 16
472 75
716 214
978 813
354 115
762 884
669 712
13 868
514 651
883 984
679 435
98 12
687 932
92 637
411 361
715 487
745 872
853 381
302 237
514 429
951 640
572 219
168 241
424 155
904 645
236 672
899 394
991 528
364 153
317 545
340 646
932 66
291 90
649 935
93 90
846 122
371 296
634 366
839 749
276 349
931 496
940 836
98 547
228 630
745 420
286 338
314 123
872 545
754 619
998 33
52 440
569 519
665 20
906 982
708 478
446 944
505 893
457 738
300 344
410 808
642 623
366 169
114 190
556 41
189 688
315 637
742 772
214 365
752 772
702 406
902 212
444 148
417 877
627 373
777 142
686 830
907 575
90 457
875 152
647 582
389 850
781 592
667 209
200 871
956 730
39 662
856 350
857 11
568 466
696 135
933 230
290 872
683 899
886 142
482 192
892 539
92 903
734 466
383 128
22 958
430 467
805 13
364 307
334 623
740 982
83 301
266 759
47 334
988 504
291 792
98 370
615 827
27 818
101 408
49 350
328 275
623 1000
151 365
814 23
980 251
563 789
162 646
438 251
740 776
192 401
582 226
140 849
625 845
694 766
885 307
614 211
301 226
54 954
457 956
907 14
358 364
970 610
112 838
354 947
387 854
362 754
38 761
295 234
975 580
279 973
160 599
459 174
534 589
521 610
997 109
800 551
48 316
67 232
861 103
159 536
703 131
845 41
226 603
243 427
104 99
820 857
214 248
329 834
716 346
939 189
668 405
442 151
669 76
529 141
200 677
169 826
668 260
742 669
691 605
764 445
692 386
22 649
13 970
696 52
237 364
493 770
504 549
382 522
607 55
511 994
187 552
333 810
869 968
943 81
965 521
964 988
606 245
94 41
496 264
518 959
13 61
350 326
5 937
265 820
785 189
490 333
236 345
33 861
395 850
95 505
19 882
900 553
107 349
533 905
435 738
348 65
168 487
832 798
927 385
670 388
750 796
987 442
353 686
512 523
159 184
456 177
419 263
243 789
833 961
975 314
621 61
107 520
788 287
214 459
824 619
271 816
823 871
534 766
438 259
243 361
279 977
858 342
507 300
732 291
471 329
143 498
315 933
890 871
797 505
486 632
113 774
155 569
263 594
34 886
164 825
592 948
168 692
775 81
285 807
56 17
365 249
156 856
482 311
256 791
506 433
754 235
21 846
668 159
924 49
446 725
963 589
143 351
381 992
758 274
388 342
531 254
483 464
145 472
109 935
795 34
365 619
526 438
748 2
732 671
624 48
2 274
60 28
957 266
541 715
666 428
913 46
328 299
455 882
629 35
996 890
478 529
872 808
979 12
915 958
690 489
333 466
328 868
948 785
182 309
954 338
438 163
957 605
379 729
646 673
817 123
357 130
546 197
272 560
573 670
958 660
6 769
76 287
142 520
90 958
842 609
113 631
355 526
345 612
419 513
39 216
724 453
570 230
868 967
371 681
176 393
256 273
220 962
446 4
462 569
15 49
660 954
591 594
962 62
614 635
659 2
929 164
576 676
591 787
388 20
240 41
270 16
550 354
251 267
658 457
326 347
53 906
94 199
902 708
190 762
755 374
50 281
986 408
450 543
52 767
164 273
38 318
847 572
593 949
407 111
47 452
291 204
452 532
179 244
883 840
757 815
689 519
340 417
731 848
697 992
994 162
153 834
351 611
545 660
231 9
914 547
592 980
5 882
121 167
343 544
698 529
606 894
126 367
365 980
629 168
685 134
723 47
928 901
379 741
204 39
798 462
340 980
824 709
966 512
825 620
58 5
337 58
747 627
841 762
418 157
369 59
756 451
868 645
155 850
63 869
390 223
86 718
306 966
471 384
119 115
439 727
264 841
907 673
858 177
381 612
683 454
12 922
640 403
860 758
440 249
851 184
956 275
191 372
764 410
912 883
551 468
311 797
446 258
444 639
757 624
959 960
84 270
302 445
428 904
982 291
711 163
293 6
973 740
485 683
722 932
356 762
257 765
844 663
478 173
501 84
395 587
790 432
224 487
761 192
690 252
1000 828
710 251
583 139
948 516
791 94
996 988
502 465
433 254
886 809
56 426
573 258
757 37
227 986
582 80
658 512
456 440
475 500
679 922
321 999
548 87
586 238
845 531
862 627
221 619
82 65
489 65
417 428
736 78
737 251
910 864
107 559
99 879
558 362
228 841
998 349
927 851
604 252
417 142
860 150
54 197
38 766
275 280
58 136
439 533
46 937
732 344
716 629
312 275
705 325
816 931
211 859
416 305
768 6
539 837
753 329
971 414
493 78
61 650
595 686
360 682
15 105
868 253
905 77
100 839
433 892
181 642
717 976
757 675
994 695
781 627
322 376
517 73
224 831
652 736
587 22
624 823
365 455
413 192
518 557
584 884
735 700
883 915
899 150
342 580
611 128
443 754
226 254
335 256
283 365
522 263
434 979
634 189
856 200
486 775
35 429
141 876
81 671
776 393
31 825
680 37
457 236
774 723
352 406
577 675
260 649
852 483
283 568
893 713
838 202
107 348
225 265
295 187
358 47
646 552
279 669
564 929
232 586
858 642
489 763
606 592
817 447
326 72
211 680
251 599
512 699
348 279
367 53
849 350
732 660
565 682
807 349
777 922
315 567
778 165
341 571
968 779
475 781
721 53
404 263
299 91
392 327
526 686
23 808
159 767
664 435
114 86
943 171
268 889
525 828
358 853
667 227
345 346
273 725
575 74
647 747
706 165
636 38
216 425
416 59
125 551
9 956
925 374
484 666
783 72
986 836
807 886
904 175
407 356
500 189
636 772
982 504
531 144
290 830
222 445
4 240
481 741
308 654
489 209
745 993
407 74
264 300
853 502
47 35
235 963
166 439
386 225
346 973
89 650
986 696
420 38
900 744
196 589
412 898
36 22
553 132
594 552
477 164
885 39
961 639
68 387
179 550
715 680
32 288
483 904
245 297
136 851
672 613
180 872
222 939
687 239
266 881
361 437
513 464
490 211
75 371
666 254
831 536
358 796
121 597
165 579
140 745
110 459
664 979
862 986
77 258
371 29
462 452
745 232
357 18
608 48
393 812
46 630
554 719
252 159
806 680
310 827
135 324
142 736
840 933
501 793
358 998
750 484
302 739
838 891
530 584
103 950
454 624
773 228
995 300
407 426
569 454
97 648
147 985
204 222
80 340
943 325
502 927
29 261
269 278
750 177
881 6
169 130
78 882
62 343
579 971
319 588
565 356
976 720
459 889
740 734
647 770
373 787
399 732
760 199
643 311
398 919
645 510
61 231
652 398
211 198
398 252
178 5
947 795
274 624
349 44
121 53
287 266
642 263
36 10
442 304
558 147
325 468
889 169
504 393
879 578
222 759
378 2
115 222
176 106
429 344
159 371
200 96
128 205
743 252
580 131
637 494
441 235
3 812
674 592
564 703
232 160
950 420
868 789
480 585
177 626
859 122
623 13
38 957
984 867
82 561
798 907
124 84
453 918
863 675
111 334
77 874
405 723
906 360
708 924
468 601
313 364
955 813
743 990
119 64
503 161
55 595
811 914
938 40
441 528
61 839
248 818
344 453
807 830
60 385
776 82
184 422
891 905
146 214
260 850
264 277
951 960
38 347
211 532
979 485
699 239
245 173
653 886
784 747
912 304
913 92
701 106
743 499
374 370
446 863
914 501
628 529
847 305
760 393
47 313
634 348
567 950
255 186
883 581
538 168
827 154
82 175
120 6
871 109
126 60
92 116
829 123
64 733
874 34
489 64
487 757
272 490
367 419
710 375
73 658
210 387
315 701
854 514
216 914
256 13
637 99
656 558
798 84
391 550
189 764
697 167
823 547
39 112
995 390
602 528
760 513
228 63
801 65
261 71
869 306
872 106
105 605
180 41
364 830
554 282
203 248
76 74
649 486
208 850
32 480
179 371
679 134
57 915
701 458
761 679
388 493
191 504
32 95
530 178
458 361
499 895
445 125
529 362
535 692
94 156
131 146
60 276
248 556
355 368
212 463
50 478
13 170
587 13
219 352
112 107
887 758
253 662
248 129
662 680
629 299
73 87
818 938
265 826
325 138
443 670
809 309
760 572
704 13
335 33
836 538
799 406
692 742
540 755
663 384
884 782
386 177
6 622
23 836
453 222
830 293
503 924
586 176
366 721
774 611
442 136
282 369
768 520
452 33
185 618
2 880
149 15
480 442
228 520
11 994
448 664
785 767
58 75
858 50
584 143
103 457
966 585
192 344
846 19
352 68
246 815
337 1
375 55
358 665
569 686
551 970
465 229
618 293
646 117
557 326
445 620
600 983
160 996
272 914
517 1000
111 273
264 770
568 222
322 8
506 733
700 160
146 346
994 630
556 785
596 806
754 174
778 279
392 166
748 553
51 491
622 118
919 554
578 488
83 826
655 28
156 933
512 499
14 63
273 903
700 554
352 920
978 836
203 88
598 201
247 789
451 988
711 106
697 744
374 174
434 524
888 937
904 910
748 237
508 906
948 479
757 841
544 228
429 798
749 114
487 232
107 541
308 941
934 937
403 851
670 492
601 358
31 911
550 665
316 359
827 66
73 110
20 611
817 85
650 998
582 153
713 94
348 39
978 426
82 119
10 488
173 76
339 284
665 140
29 525
121 596
693 550
960 748
915 724
110 456
770 337
846 508
7 90
870 454
926 436
31 336
487 914
937 925
594 129
116 840
744 401
252 152
842 766
312 349
494 69
445 543
780 568
253 290
751 39
609 586
829 889
663 877
753 33
734 814
716 269
682 909
593 94
260 315
262 130
632 627
852 684
670 373
553 342
531 977
324 817
630 617
614 50
207 712
304 985
317 146
176 854
694 129
34 634
866 435
612 179
303 74
584 980
658 455
553 299
971 20
331 181
170 765
133 503
853 24
47 81
686 646
645 364
830 808
156 687
767 375
558 950
709 714
486 893
10 74
494 940
577 328
559 456
173 381
504 172
122 398
588 840
715 710
390 518
638 450
748 262
576 447
525 458
491 900
685 888
767 792
725 161
167 726
663 717
187 252
923 672
374 834
306 738
770 309
572 649
976 514
993 932
577 805
130 486
599 672
855 282
953 278
186 431
629 633
799 565
263 353
267 866
778 489
110 198
94 843
977 121
526 756
621 586
68 862
677 840
933 734
381 497
536 8
609 598
943 160
742 906
1000 53
104 10
525 880
413 438
716 305
399 71
685 649
426 35
65 865
412 242
252 497
346 890
418 557
678 844
971 210
421 832
242 394
5 510
638 699
429 674
14 68
821 892
401 129
493 795
117 735
781 478
472 42
218 594
57 592
317 158
502 154
565 488
463 15
397 38
330 27
689 720
652 476
579 708
156 691
838 435
622 618
438 557
809 79
155 563
981 457
486 793
945 351
22 159
984 338
966 422
344 945
868 65
862 343
710 923
606 856
679 916
993 117
996 828
762 442
49 61
382 395
168 413
400 855
723 461
359 160
582 368
4 820
590 799
537 401
637 577
44 135
286 220
295 278
133 695
279 857
822 45
110 371
898 629
923 938
964 214
159 628
955 509
145 369
542 207
564 515
376 668
802 392
15 341
290 340
347 365
630 772
209 268
773 170
941 996
322 84
432 700
949 489
329 720
989 312
691 606
374 920
575 396
17 371
215 624
900 178
645 832
156 66
725 383
521 908
952 161
611 420
518 656
406 670
498 663
717 560
445 524
601 111
965 758
394 957
166 94
348 536
576 827
903 832
763 463
108 248
758 70
787 127
304 557
586 479
606 26
607 359
774 838
704 14
995 513
279 328
67 990
175 395
348 941
934 620
349 388
978 308
905 890
525 385
838 200
898 21
292 804
651 503
853 901
965 219
418 910
628 443
305 299
85 896
176 932
702 785
205 295
586 994
295 314
86 645
513 5
972 670
774 172
918 655
99 619
885 840
467 911
402 862
249 264
77 928
137 27
361 838
425 272
854 491
485 604
513 255
859 323
310 665
543 5
21 986
354 265
288 103
215 532
754 230
792 567
152 918
65 75
316 631
564 91
169 53
801 424
913 182
505 188
741 369
771 272
682 381
89 287
869 786
703 134
437 861
375 396
948 591
457 428
221 411
892 597
610 233
911 542
31 910
895 79
808 73
383 443
5 795
743 139
841 135
737 982
768 614
179 601
954 337
112 596
149 945
263 441
353 862
409 988
762 498
486 146
509 712
533 795
606 675
737 176
441 499
797 918
764 751
638 16
234 218
417 362
645 459
96 151
779 4
837 262
875 607
272 578
437 136
414 821
561 204
384 894
712 112
573 893
501 886
742 796
580 79
363 893
716 703
533 479
902 236
356 62
68 650
39 59
795 697
793 441
963 895
329 799
881 474
167 343
117 984
651 522
865 363
892 190
53 284
39 281
631 195
562 966
450 332
530 360
397 351
860 819
330 770
113 146
132 28
99 67
887 490
744 780
321 973
216 165
490 972
877 208
35 368
701 354
648 114
706 472
157 314
563 321
361 825
727 63
326 489
628 793
147 550
847 569
931 965
352 476
596 366
467 178
568 647
643 215
723 869
871 357
788 815
109 682
438 864
554 585
978 365
541 861
839 600
201 220
421 975
704 229
879 588
900 883
921 317
978 399
358 501
931 31
751 390
935 639
417 309
387 977
707 996
570 308
163 886
783 784
411 35
798 348
984 802
694 157
737 446
441 233
423 393
268 172
506 961
237 943
119 399
731 9
768 61
272 844
368 561
228 370
78 400
159 96
104 11
525 879
929 110
470 78
228 357
329 827
114 495
208 872
248 965
337 532
123 7
566 391
878 405
858 787
307 106
308 721
424 462
562 716
74 616
526 83
766 884
378 925
252 950
697 551
661 964
413 12
369 630
5 544
745 959
523 943
451 804
36 842
278 155
31 945
912 321
490 341
309 831
292 35
75 949
370 831
528 369
395 810
359 117
702 933
145 711
75 514
188 867
338 176
28 660
505 737
468 467
141 403
110 820
571 290
379 685
103 193
948 980
884 970
45 72
777 661
513 286
664 926
917 500
684 289
462 403
836 228
54 41
680 392
774 310
551 640
542 786
779 76
747 592
841 667
720 484
744 490
979 517
85 702
107 846
200 380
419 730
593 251
349 773
160 29
447 136
995 392
777 861
315 778
869 431
321 329
214 252
132 767
254 749
475 704
539 759
351 445
579 214
982 241
52 126
234 889
368 315
262 561
172 232
105 748
900 179
313 511
612 229
61 873
618 786
268 517
364 990
695 954
26 627
423 727
317 48
585 257
528 913
178 790
964 841
662 588
648 10
960 364
743 563
193 371
800 197
820 264
234 624
979 425
652 449
359 443
425 983
126 574
217 486
669 636
978 531
970 128
301 382
302 41
804 363
826 198
390 572
980 840
58 644
478 569
805 912
610 296
244 30
779 317
376 142
654 719
938 505
127 739
954 301
183 141
976 685
629 877
480 444
176 933
90 567
254 519
970 563
573 630
760 99
724 412
764 571
466 786
30 147
697 45
210 271
475 913
917 234
594 734
152 428
600 810
108 853
932 937
385 549
193 439
651 771
437 454
460 41
354 548
320 764
708 839
178 758
15 473
134 138
179 288
161 381
15 78
532 356
695 760
420 542
310 670
100 83
462 837
891 85
200 852
386 525
518 738
320 265
818 520
998 922
359 616
861 742
810 164
153 735
68 753
9 643
55 958
982 366
964 941
40 807
772 248
163 309
687 911
464 903
909 385
292 389
212 92
535 440
852 44
822 908
734 200
168 169
652 203
563 800
582 12
344 618
239 603
40 355
337 423
410 285
144 449
453 345
612 854
576 452
923 553
28 883
766 475
434 566
805 517
21 246
993 813
443 332
615 178
728 558
432 219
145 627
362 788
56 663
576 830
569 607
950 44
954 35
513 744
114 638
375 943
730 714
488 209
966 826
494 75
224 699
522 254
426 299
389 421
285 116
267 969
626 826
458 664
204 356
851 759
546 91
544 632
428 755
252 495
18 371
42 125
118 384
564 282
126 911
289 460
199 193
165 369
773 114
317 406
471 941
679 328
113 145
428 818
472 80
606 407
346 553
754 410
592 321
535 988
762 881
355 317
875 434
584 805
144 978
681 141
882 566
941 623
973 845
652 570
138 549
225 337
531 399
127 150
233 219
375 414
653 928
72 515
367 357
217 478
127 103
112 260
390 629
687 129
945 482
653 49
66 717
168 133
995 600
559 443
463 470
292 964
953 856
383 303
295 697
477 310
225 197
84 648
90 717
253 815
658 683
951 166
154 890
798 419
410 480
271 545
718 378
776 817
941 425
599 717
712 911
660 439
128 192
185 785
426 493
104 735
769 73
897 188
586 928
935 920
385 320
975 623
410 628
135 276
963 175
12 545
252 190
513 76
508 16
471 412
437 28
220 668
385 497
833 687
336 385
673 774
750 276
52 831
555 358
403 21
332 213
820 834
324 625
843 547
163 693
536 185
920 792
61 610
650 129
501 619
324 896
368 272
574 800
373 545
356 712
472 782
971 212
901 161
506 189
84 411
467 533
618 831
783 141
577 593
596 574
706 394
35 710
329 485
725 692
57 598
815 983
942 657
725 15
378 922
913 110
911 670
669 659
109 986
790 453
256 940
277 766
467 224
300 576
874 621
356 964
253 608
895 177
330 251
396 943
443 968
374 736
183 906
679 769
519 556
991 627
776 608
649 758
524 966
620 799
951 385
455 822
119 953
763 865
235 456
326 545
901 781
443 263
873 350
28 955
470 572
92 230
3 623
633 318
46 723
324 401
500 754
266 22
395 326
859 957
920 39
224 756
483 385
998 288
416 454
570 43
399 135
186 304
635 515
372 603
411 605
229 254
431 534
640 85
806 582
155 592
172 914
449 307
982 135
844 156
759 339
929 694
355 953
872 109
162 944
413 265
713 771
329 726
126 481
510 971
132 183
133 154
652 958
526 867
765 623
843 813
578 50
216 239
700 513
636 371
668 39
869 610
291 211
838 755
625 198
364 395
628 803
130 722
347 856
633 723
250 133
895 887
127 217
643 368
2 408
191 177
74 868
194 247
480 136
502 279
130 500
10 782
19 839
286 723
734 237
330 287
3 143
405 303
995 515
101 720
547 458
620 236
288 743
914 615
220 226
629 74
421 565
64 286
382 90
477 382
304 156
883 320
646 556
577 961
318 909
196 41
716 800
8 895
392 670
943 909
11 116
341 741
286 62
841 805
733 847
828 549
337 6
929 346
759 608
49 502
266 413
983 120
986 268
716 661
403 220
707 106
1000 224
393 22
778 293
730 777
878 129
534 989
919 833
276 965
881 4
318 88
177 776
622 138
159 648
957 545
848 67
707 658
599 174
431 264
19 138
646 293
282 728
635 250
707 281
964 648
543 97
200 853
21 841
761 576
601 175
892 378
674 549
821 946
933 808
237 331
844 501
22 537
994 454
759 202
709 945
857 70
450 564
917 804
616 507
469 505
700 267
791 956
120 645
231 147
996 700
771 48
149 620
259 228
395 114
562 406
444 184
36 18
93 223
610 491
738 148
331 726
131 617
124 827
675 701
461 978
144 435
720 978
274 810
576 86
617 622
616 951
732 809
70 320
326 990
426 724
282 336
429 479
768 535
896 476
715 832
970 709
383 616
258 713
336 745
465 395
599 552
966 537
825 603
742 48
164 137
940 744
897 87
185 869
849 190
111 886
164 928
246 782
543 438
581 783
200 294
128 3
57 419
902 83
461 129
997 95
580 73
817 425
786 568
931 417
608 274
124 710
318 485
762 864
569 425
788 141
422 391
595 765
320 729
670 233
217 839
455 197
761 770
743 950
982 62
86 99
89 189
579 561
448 300
70 695
965 552
791 653
169 134
668 248
544 438
853 180
411 65
549 683
38 416
967 796
706 470
255 456
986 582
662 629
834 434
313 897
27 959
376 267
265 615
801 660
183 816
596 223
508 927
925 779
89 539
681 319
29 779
540 486
230 452
123 884
89 900
805 966
989 105
438 785
165 615
940 691
686 59
55 764
949 651
479 979
609 62
186 217
168 420
81 901
284 830
727 522
453 461
951 66
332 530
831 568
580 827
263 188
211 759
756 324
578 841
154 541
998 170
600 709
911 335
772 825
940 247
642 617
475 984
484 26
346 39
774 5
8 740
229 810
581 517
34 840
952 315
471 765
919 649
846 923
298 85
760 600
673 103
47 360
270 215
551 66
282 737
778 40
542 259
982 90
86 143
843 768
660 714
994 684
99 16
504 672
326 297
443 527
540 919
725 612
818 721
19 779
911 872
131 186
601 16
605 552
982 518
749 265
719 465
23 94
390 967
49 711
822 986
144 221
73 201
698 300
421 655
503 775
676 139
326 772
357 576
583 420
827 158
700 128
810 832
488 283
616 911
362 75
549 485
145 999
898 191
665 216
560 898
758 549
532 142
619 353
603 612
770 357
737 254
314 25
427 778
764 529
525 717
551 589
35 235
958 593
704 528
387 860
843 694
968 133
471 50
589 363
826 47
37 900
632 242
889 645
76 95
677 920
402 742
204 350
320 867
51 757
967 579
574 739
406 849
851 686
467 869
618 751
566 327
594 867
310 513
722 577
650 162
464 337
986 250
381 756
517 146
185 345
373 516
458 462
517 35
612 231
406 546
722 867
248 850
661 885
645 272
477 435
744 725
624 955
696 280
491 116
645 417
869 835
197 298
144 170
18 655
205 783
874 590
856 205
658 959
644 766
205 992
650 895
26 53
634 462
836 518
983 721
451 544
642 459
438 814
60 509
520 947
704 176
585 147
988 248
123 416
918 215
192 813
482 661
139 220
12 166
895 283
186 145
774 502
426 640
84 560
358 435
548 199
940 921
409 743
671 27
584 179
529 758
417 316
673 607
115 11
208 359
372 410
48 496
51 819
747 574
196 200
343 43
698 22
183 450
910 10
45 477
375 890
357 475
622 425
841 518
570 204
953 188
627 21
893 362
821 509
350 575
260 323
262 88
446 18
378 428
730 953
622 139
489 525
915 233
161 371
920 704
535 447
431 247
605 989
473 178
881 29
806 843
498 385
982 509
821 945
606 441
369 978
766 197
50 367
142 359
861 533
274 359
620 412
217 343
705 186
762 61
139 572
784 823
880 128
2 236
934 941
135 584
248 298
498 503
398 734
349 116
22 90
779 842
80 983
622 483
840 637
37 952
736 446
97 116
832 961
839 518
251 661
435 708
720 866
719 92
462 47
745 433
603 575
231 854
968 400
452 1
490 220
155 44
296 57
986 726
791 464
418 65
780 528
239 168
519 426
707 922
889 611
950 34
772 838
422 587
45 432
515 955
564 125
676 534
347 136
850 801
985 574
413 61
548 552
632 409
997 175
446 191
198 844
698 268
307 532
964 463
476 981
367 520
816 590
674 868
701 413
964 749
397 348
865 668
222 499
242 501
687 847
9 812
434 291
531 179
716 205
130 744
298 434
562 551
429 604
861 633
292 340
790 575
937 25
79 684
465 776
544 149
127 971
178 731
531 401
19 613
645 505
633 891
62 517
322 718
491 205
973 941
361 745
732 1000
400 923
331 757
524 988
706 923
836 606
343 516
144 400
54 695
234 27
16 218
642 34
229 260
300 860
395 126
201 291
475 140
685 17
79 262
600 599
181 810
71 930
984 713
208 400
685 930
657 293
158 34
383 877
958 517
7 203
689 304
871 520
55 735
132 552
834 670
196 850
142 705
162 694
988 667
534 555
518 108
223 510
464 487
988 206
860 605
808 578
428 721
178 700
431 338
146 414
313 375
43 810
913 448
159 976
660 715
117 554
306 355
982 458
536 968
183 636
26 538
647 972
924 119
639 634
179 56
181 586
477 803
195 802
143 514
593 907
813 986
151 23
22 352
783 466
473 565
516 191
759 121
41 217
761 202
742 403
412 592
443 970
939 833
429 243
734 134
408 402
101 308
508 515
149 901
850 274
422 238
249 745
625 838
497 743
543 218
681 585
949 582
710 697
327 863
295 445
86 514
729 849
612 590
617 976
101 207
104 829
572 723
803 471
713 453
42 767
924 753
10 17
547 842
15 288
879 33
441 453
286 865
704 831
315 783
7 973
86 974
379 176
221 813
355 955
63 458
15 119
899 704
252 905
722 721
324 885
226 115
934 506
829 752
854 173
468 856
344 422
91 691
810 207
339 749
285 751
269 170
771 312
937 192
97 931
351 882
47 21
947 27
14 326
363 182
667 104
389 738
601 412
875 269
583 212
552 585
363 49
491 4
734 64
792 923
26 131
546 970
658 956
291 829
599 790
887 531
36 79
701 875
147 288
27 644
509 218
515 251
495 795
210 89
15 832
148 359
650 545
797 910
391 957
84 561
548 192
626 672
897 984
183 319
186 1
522 487
334 185
542 994
964 16
414 113
163 633
932 758
437 176
275 717
96 382
246 800
31 264
987 206
277 635
703 794
449 755
546 195
342 358
90 199
452 482
848 295
225 824
834 710
356 6
484 979
459 279
538 624
927 736
15 474
965 814
539 724
649 436
152 764
118 768
365 242
259 669
96 809
596 658
392 58
213 78
565 153
677 511
807 876
520 310
42 166
469 165
11 669
207 529
230 355
669 764
448 480
288 345
623 629
847 545
869 789
268 266
931 602
707 5
187 698
495 744
701 941
350 293
631 684
417 761
718 720
477 190
508 724
948 873
571 510
311 59
666 38
16 255
738 500
611 638
559 646
415 158
534 448
771 910
757 313
978 54
85 928
713 163
306 763
695 119
861 363
556 287
104 742
410 685
909 693
627 210
383 840
870 330
391 839
877 614
233 551
157 134
910 636
276 884
206 749
355 789
584 285
358 920
342 509
380 160
398 259
570 848
128 291
669 156
268 456
735 399
882 113
220 840
521 157
968 666
825 247
573 438
631 223
868 179
446 361
912 669
506 476
69 774
20 763
207 580
673 276
602 370
929 642
186 239
861 711
40 887
826 890
153 696
762 892
981 222
965 569
765 887
919 152
495 970
541 390
874 741
247 613
857 977
202 38
165 946
35 59
614 739
10 885
781 232
328 400
951 664
683 714
135 943
50 197
70 128
329 10
771 191
973 631
371 387
922 49
1000 326
28 652
712 581
171 683
75 747
918 45
402 221
858 802
253 176
936 796
768 757
326 587
388 408
884 97
25 204
138 469
660 434
163 890
625 955
568 584
188 671
543 7
871 954
341 667
231 603
250 857
949 845
97 617
972 674
609 760
773 415
520 793
884 438
134 203
967 601
697 141
609 617
451 117
651 844
636 390
393 44
507 90
976 67
134 501
856 921
674 790
570 999
61 720
743 980
428 865
13 589
761 324
859 399
398 57
863 335
5 505
152 54
910 774
347 27
351 136
28 189
503 477
952 889
646 811
130 717
614 941
313 773
642 972
877 321
571 890
455 751
611 109
615 589
86 505
856 68
514 534
805 53
843 334
684 842
499 564
61 261
373 19
11 560
88 157
306 236
278 238
735 837
442 412
225 4
102 322
512 874
721 928
75 518
3 293
775 579
279 400
123 786
343 733
624 349
897 721
38 463
365 945
802 6
633 225
561 332
16 199
96 117
742 412
764 700
585 471
767 827
881 888
500 846
603 663
824 744
197 938
181 309
879 322
715 805
2 648
479 560
650 364
430 736
569 660
241 507
2 571
349 912
130 462
945 681
876 903
851 707
871 700
265 798
983 454
270 407
808 986
775 276
480 847
228 37
981 737
799 110
123 217
695 611
576 135
92 679
693 78
388 877
38 189
183 792
468 8
815 479
800 908
963 712
964 663
161 710
895 480
751 681
846 663
189 144
619 219
709 841
913 316
677 427
184 272
536 549
683 854
499 837
833 101
597 132
196 803
341 326
352 609
758 441
151 197
818 834
326 815
835 909
179 132
164 336
457 298
496 256
188 78
80 719
691 97
487 390
227 915
435 351
306 144
861 834
862 421
245 429
335 23
638 396
16 5
574 860
663 445
818 134
78 957
253 867
628 273
885 366
542 705
942 223
763 782
414 340
208 389
36 302
537 455
918 836
559 594
48 148
28 922
31 469
470 607
509 59
129 117
248 903
745 245
181 265
220 289
59 869
264 603
63 853
779 108
393 825
694 89
767 573
272 746
183 476
242 952
941 656
708 173
712 168
630 970
367 784
321 440
660 63
682 915
470 661
32 292
848 218
67 513
293 685
599 171
892 151
57 832
521 241
939 302
407 507
190 996
543 928
565 152
787 146
403 669
721 490
621 81
288 235
435 108
623 519
915 310
313 648
136 399
505 240
952 817
277 706
334 909
406 302
325 822
899 251
931 313
634 14
796 785
250 279
559 688
369 842
79 1000
789 144
992 4
267 291
783 811
509 268
185 686
827 875
500 113
852 270
600 351
804 105
921 147
760 165
63 538
409 935
140 785
713 209
328 49
183 237
974 136
615 174
324 69
555 707
817 204
822 127
902 455
885 533
986 380
418 224
203 634
133 424
868 888
461 190
66 302
804 566
270 476
841 544
453 810
249 381
756 661
133 940
450 32
161 51
656 357
955 681
498 788
885 984
597 190
33 249
416 239
53 246
720 93
77 720
545 6
643 753
865 801
402 97
39 276
942 927
853 192
449 794
38 287
964 751
777 452
248 652
564 4
857 54
568 63
865 515
22 568
903 993
361 828
588 785
911 739
645 342
574 324
886 42
706 324
32 891
308 536
628 917
296 32
961 818
11 535
912 346
880 174
457 371
2 206
538 300
97 180
743 341
763 635
601 324
218 956
828 53
706 921
598 683
639 21
586 99
669 557
821 695
810 875
188 971
709 103
966 350
456 19
864 496
239 488
700 470
600 426
28 851
192 26
676 967
626 662
607 745
166 993
304 54
340 988
736 41
935 715
267 930
245 985
229 484
747 619
628 158
500 521
432 985
470 865
655 910
238 509
761 209
741 592
929 240
12 684
471 265
650 58
289 130
327 334
157 328
502 720
785 193
547 543
713 875
660 870
920 925
351 469
326 227
88 691
17 649
642 736
860 893
991 133
618 827
424 989
296 367
294 974
273 562
498 621
480 223
265 724
994 397
687 978
891 895
112 70
882 598
540 176
634 215
598 607
653 879
303 842
583 631
577 282
92 527
875 70
758 124
207 238
140 149
197 452
994 953
844 621
719 323
871 388
28 610
31 845
947 332
822 584
899 465
6 645
830 699
409 125
637 583
358 168
287 100
183 55
222 587
64 677
432 441
920 414
205 684
386 454
458 577
525 377
304 67
241 87
345 793
436 576
720 699
81 887
232 485
620 584
276 88
793 178
929 434
508 502
102 238
703 736
745 58
963 143
410 789
640 186
159 626
76 268
77 37
993 676
945 569
985 628
358 982
491 21
181 71
275 510
42 287
446 117
394 400
345 326
437 225
958 144
405 752
872 81
316 560
843 789
47 832
138 620
604 687
381 866
204 797
479 405
963 600
382 672
899 992
991 14
925 652
333 555
648 15
408 820
703 491
190 698
502 248
658 811
69 709
721 498
790 340
247 733
31 912
838 32
74 181
457 11
296 903
443 1000
980 177
123 832
575 284
148 515
3 256
386 136
885 252
193 690
862 708
828 364
179 752
628 385
443 295
392 819
193 988
127 639
124 727
662 457
21 447
295 304
965 289
211 545
324 256
362 735
475 916
276 227
428 577
595 903
928 530
909 270
110 128
935 497
332 138
685 561
299 83
262 869
674 125
517 977
720 227
427 311
285 141
656 815
735 405
57 214
699 643
578 368
281 798
764 107
17 337
296 408
613 683
549 813
198 291
277 848
758 363
495 120
675 869
160 278
35 642
791 843
670 732
326 22
109 926
93 313
19 586
44 739
540 248
891 660
178 25
469 630
258 129
425 752
136 637
352 475
297 462
273 152
457 176
663 448
426 833
248 11
232 752
969 45
309 532
326 978
922 253
818 314
336 749
106 395
859 731
917 55
684 486
354 897
984 844
713 306
699 227
223 737
64 826
854 589
730 727
747 543
536 388
612 663
336 410
262 950
925 238
587 979
493 248
225 858
427 130
765 320
848 404
665 578
355 868
32 321
252 484
15 56
163 550
612 68
649 470
647 711
195 668
975 465
234 954
899 538
611 260
852 538
501 436
656 778
341 27
329 611
717 912
441 621
425 16
544 458
731 68
929 640
307 20
623 538
222 770
905 367
947 36
416 684
368 181
460 669
526 488
710 261
583 9
773 561
926 829
304 540
819 399
639 310
487 5
89 750
589 57
979 513
481 84
357 745
946 54
766 655
335 230
940 531
837 160
88 417
586 96
435 692
774 659
755 728
21 164
945 80
225 159
50 948
825 522
534 482
560 873
978 24
63 910
391 903
306 669
436 540
629 40
522 445
742 208
64 919
873 391
486 402
213 448
842 650
556 140
500 522
379 331
987 8
973 117
595 959
472 582
733 597
664 68
994 983
622 215
259 680
683 49
777 180
625 977
358 789
502 749
185 321
313 372
99 391
463 686
803 889
806 136
772 264
901 172
226 798
711 261
697 424
207 602
759 25
982 312
948 376
75 252
95 241
23 372
227 265
49 537
231 497
51 119
809 39
76 885
857 819
344 154
992 518
321 61
210 703
249 35
639 298
850 140
510 559
914 493
19 755
743 376
410 188
567 910
978 331
446 297
709 457
585 251
36 165
759 33
923 615
14 852
991 796
6 932
188 607
409 926
619 357
620 570
185 967
681 586
522 679
735 237
988 933
435 991
811 932
573 733
776 929
985 283
764 924
485 109
656 663
675 181
569 666
785 821
788 508
612 728
993 586
522 288
483 388
484 171
251 672
747 743
968 792
842 817
898 767
4 562
542 54
998 436
581 596
341 927
379 196
751 616
94 697
547 5
595 712
544 566
429 230
716 332
904 350
815 616
47 978
160 190
753 209
646 306
207 792
500 750
367 690
136 6
445 4
763 9
449 193
808 536
403 752
117 700
152 816
597 130
502 78
14 474
861 525
933 128
516 120
496 435
104 788
652 616
529 499
255 498
179 134
456 513
93 468
809 3
706 653
389 751
398 599
112 242
991 583
13 388
434 859
608 626
515 990
58 543
62 851
67 967
396 483
969 423
879 940
680 46
510 1
921 260
942 114
106 242
306 496
951 480
440 962
844 880
918 235
979 401
848 360
948 403
845 558
628 386
315 499
928 966
746 53
411 289
932 898
595 714
828 691
812 200
760 105
246 947
617 800
128 141
55 354
292 656
24 462
745 132
212 105
623 830
589 267
868 838
461 152
979 551
730 867
788 7
39 480
393 25
546 49
693 142
842 932
627 390
664 444
459 264
354 574
741 178
834 884
7 562
930 323
237 147
683 121
246 739
337 709
412 49
783 34
473 5
916 641
904 201
544 304
977 518
83 947
66 831
967 197
499 674
400 503
985 690
517 404
424 509
540 987
943 398
451 964
749 427
507 576
481 365
464 893
639 396
785 117
566 786
115 736
761 278
32 960
895 231
951 689
454 491
466 285
72 636
783 644
58 563
644 734
166 654
961 630
727 799
802 690
568 976
311 52
295 659
921 224
831 813
906 628
599 219
125 346
589 747
6 285
743 102
909 976
269 625
186 177
280 950
68 61
56 669
55 465
278 624
599 660
471 1
461 43
320 897
172 162
639 832
493 346
881 284
846 230
975 518
264 712
161 64
146 660
972 776
720 305
4 522
850 684
544 527
998 636
603 108
971 448
95 728
685 638
438 215
750 92
915 9
844 161
256 410
976 489
392 74
146 457
499 423
916 677
905 104
482 465
389 867
563 424
428 783
44 217
394 651
273 970
497 308
9 848
605 686
420 798
627 990
208 560
249 292
467 349
621 196
397 58
864 509
683 545
132 82
231 349
252 792
990 26
282 253
600 112
785 226
308 905
990 165
403 887
596 228
532 502
50 192
895 104
550 701
753 519
112 393
511 275
602 746
81 734
904 543
853 612
430 783
126 190
127 835
455 840
477 304
318 876
27 577
121 286
73 387
475 275
991 827
116 103
872 925
286 345
860 102
55 388
811 554
258 678
945 928
34 129
2 675
629 976
478 932
444 780
727 359
372 478
263 345
858 357
736 30
848 339
223 597
349 826
165 92
944 364
542 219
502 564
157 103
17 988
877 163
95 159
560 438
299 410
968 987
237 260
94 621
761 944
99 313
47 569
765 724
588 371
185 320
138 446
7 651
126 941
809 763
819 797
605 769
866 367
79 622
961 65
164 260
761 413
994 174
536 635
406 357
321 851
973 875
300 687
652 468
529 423
640 856
398 632
297 363
836 664
191 899
639 213
367 140
420 103
371 499
925 995
733 417
209 102
335 197
710 915
268 130
515 131
22 868
261 839
135 178
78 314
824 909
254 126
456 49
664 630
166 944
130 167
870 164
357 895
395 414
345 422
366 903
239 383
367 426
704 486
851 377
154 971
746 97
67 39
927 180
489 472
141 767
300 171
285 100
71 898
883 136
707 854
484 197
270 632
181 163
509 886
409 552
671 320
711 717
661 218
295 108
503 648
669 319
274 525
72 522
407 780
198 889
354 539
975 879
264 879
59 603
13 652
547 684
97 764
995 685
153 588
646 160
372 839
452 651
413 259
416 41
950 554
632 788
574 966
178 559
622 978
803 788
682 111
60 463
425 222
762 721
609 50
69 663
47 581
244 643
652 666
748 883
371 615
997 892
450 605
727 872
316 118
311 516
531 461
663 630
844 572
884 625
791 7
387 453
80 849
465 997
943 184
912 164
428 96
644 763
629 419
482 588
124 813
73 121
220 248
82 249
687 308
602 796
89 967
239 445
98 527
301 170
234 95
839 686
932 284
936 983
793 114
576 366
44 204
372 193
135 39
29 544
727 457
124 610
223 788
770 322
76 765
24 416
318 518
410 597
233 46
712 622
950 91
846 171
807 454
590 622
299 183
873 94
698 19
555 390
702 635
979 550
708 168
584 406
893 244
986 278
728 912
841 521
593 216
42 366
243 483
831 162
878 139
806 612
312 168
20 345
976 127
595 743
726 335
194 212
323 488
436 9
94 549
989 931
167 171
83 852
564 764
402 120
845 292
431 391
161 743
803 816
806 209
853 880
26 559
248 371
446 704
730 343
749 25
691 416
770 593
334 912
248 593
860 163
49 544
415 777
840 821
213 797
126 598
623 742
862 106
187 189
907 795
752 112
88 855
681 436
365 378
545 645
675 722
527 541
993 491
791 152
595 267
460 936
944 561
83 95
727 798
235 360
880 621
789 439
610 340
59 198
757 483
528 463
107 306
276 333
828 370
701 764
779 350
874 208
983 982
272 412
861 502
310 100
832 740
816 217
64 542
339 404
956 757
286 28
16 544
491 710
423 413
765 124
582 594
570 122
474 407
590 121
683 297
495 511
480 556
134 227
803 656
939 452
626 821
557 909
651 254
727 17
687 243
808 917
971 451
220 981
25 673
963 871
51 417
768 375
754 32
954 622
578 338
707 362
262 118
48 989
195 670
511 760
497 346
226 888
489 782
80 575
131 311
829 308
83 590
49 866
583 997
455 374
39 631
481 287
890 181
156 892
451 931
199 877
562 648
348 202
90 398
701 92
297 270
575 615
796 880
997 734
729 275
468 225
16 418
754 710
970 479
302 104
238 672
761 930
922 61
689 798
69 52
988 772
839 592
220 160
689 879
266 904
16 223
93 991
465 344
267 46
840 380
970 739
171 650
941 418
135 111
125 95
771 639
742 214
284 986
157 324
802 155
787 563
551 564
238 273
534 706
461 206
464 77
195 62
34 96
876 927
271 893
646 923
133 892
445 570
